37 18501.756244949 51.8 HFOC
38 18479.696947013 51.7 HFOC
39 15483.103256522 43.3 HFOC
40 3552.938378461 9.9 HFOC
41 8954.549019285 25.0 HFOC
42 16271.938953224 45.5 HFOC
43 17422.588237115 48.7 HFOC
44 11975.021309430 33.5 HFOC
45 4671.720175044 13.1 HFOC
46 11067.504490353 31.0 HFOC
47 1960.648869630 5.5 HFOC
48 5852.901708493 16.4 HFOC
49 14186.176193762 39.7 HFOC
50 17178.905839700 48.1 HFOC
51 10212.126591711 28.6 HFOC
52 3244.626535280 9.1 HFOC
53 13316.617016153 37.3 HFOC
54 18148.069601281 50.8 HFOC
55 18122.661334902 50.7 HFOC
56 18105.560958334 50.6 HFOC
57 18079.145730252 50.6 HFOC
58 18047.191935272 50.5 HFOC
59 17990.225428343 50.3 HFOC
60 17926.290275138 50.1 HFOC
61 17881.737592460 50.0 HFOC
62 17835.648993146 49.9 HFOC
63 17366.211404266 48.6 HFOC
64 17447.798429787 48.8 HFOC
65 17076.919428804 47.8 HFOC
66 16009.883884512 44.8 HFOC
67 16061.741843957 44.9 HFOC
68 16240.358447539 45.4 HFOC
69 17985.095050296 50.3 HFOC
70 17934.632869586 50.2 HFOC
71 17934.684797235 50.2 HFOC
72 17917.876092036 50.1 HFOC
73 17903.812545563 50.1 HFOC
74 17885.069529468 50.0 HFOC
75 17899.175971533 50.1 HFOC
76 17959.336639422 50.2 HFOC
77 17932.508698043 50.2 HFOC
78 17864.478563088 50.0 HFOC
79 17827.185710685 49.9 HFOC
80 17821.932990908 49.9 HFOC
81 17844.032552005 49.9 HFOC
82 17817.098995535 49.8 HFOC
83 17792.590430749 49.8 HFOC
84 17771.330418144 49.7 HFOC
85 17729.534176286 49.6 HFOC
86 17673.261681159 49.4 HFOC
87 17626.296552012 49.3 HFOC
88 17613.203085841 49.3 HFOC
89 17609.446466615 49.3 HFOC
90 17583.647729437 49.2 HFOC
91 17560.540411252 49.1 HFOC
92 17544.303042711 49.1 HFOC
93 17517.957253107 49.0 HFOC
94 17496.797090066 48.9 HFOC
95 17465.685839322 48.9 HFOC
96 17438.174395825 48.8 HFOC
97 17419.928191373 48.7 HFOC
98 17401.406473361 48.7 HFOC
99 17383.616773178 48.6 HFOC
100 17380.238146705 48.6 HFOC
101 17601.132397559 49.2 HFOC
102 17556.305702766 49.1 HFOC
103 17513.827662322 49.0 HFOC
104 17483.551279818 48.9 HFOC
105 17456.603320255 48.8 HFOC
106 17433.319226941 48.8 HFOC
107 17416.283394520 48.7 HFOC
108 17398.398517746 48.7 HFOC
109 17373.323162722 48.6 HFOC
110 17339.643510638 48.5 HFOC
111 17324.337721692 48.5 HFOC
112 17287.492060772 48.4 HFOC
113 17235.824383540 48.2 HFOC
114 17187.460102425 48.1 HFOC
115 16768.123904894 46.9 HFOC
116 16841.621617398 47.1 HFOC
117 16504.044691858 46.2 HFOC
118 15502.022670304 43.4 HFOC
119 15747.285701045 44.1 HFOC
120 15651.709990392 43.8 HFOC
121 17411.301194385 48.7 HFOC
122 17384.339948074 48.6 HFOC
123 17380.862195430 48.6 HFOC
124 17363.099155200 48.6 HFOC
125 17348.103118122 48.5 HFOC
126 17334.426251851 48.5 HFOC
127 17315.565503641 48.4 HFOC
128 17355.250972978 48.5 HFOC
129 17349.201796749 48.5 HFOC
130 17328.581536121 48.5 HFOC
131 17315.246923793 48.4 HFOC
132 17301.746042937 48.4 HFOC
133 17289.060691615 48.4 HFOC
134 17280.430702997 48.3 HFOC
135 17267.990102950 48.3 HFOC
136 17256.474095333 48.3 HFOC
137 17239.427028328 48.2 HFOC
138 17220.088421615 48.2 HFOC
139 17206.071986983 48.1 HFOC
140 17192.850115272 48.1 HFOC
141 17184.908965459 48.1 HFOC
142 17171.200170924 48.0 HFOC
143 17154.131367982 48.0 HFOC
144 17133.371984717 47.9 HFOC
145 17113.234325797 47.9 HFOC
146 17098.678861038 47.8 HFOC
147 17128.207167005 47.9 HFOC
148 17128.338890248 47.9 HFOC
149 17113.071698003 47.9 HFOC
150 17103.725361075 47.8 HFOC
151 17093.066319239 47.8 HFOC
152 17085.378416637 47.8 HFOC
153 17075.247451102 47.8 HFOC
154 17064.678689416 47.7 HFOC
155 17049.836708538 47.7 HFOC
156 17038.045660956 47.7 HFOC
157 17028.154170213 47.6 HFOC
158 17017.956603556 47.6 HFOC
159 17005.915670694 47.6 HFOC
160 16990.366976453 47.5 HFOC
161 16973.569829160 47.5 HFOC
162 16957.284424965 47.4 HFOC
163 16932.183030165 47.4 HFOC
164 16907.029527551 47.3 HFOC
165 16890.023647280 47.2 HFOC
166 16879.490390267 47.2 HFOC
167 16865.850257336 47.2 HFOC
168 16852.637638804 47.1 HFOC
169 16839.906285465 47.1 HFOC
170 16825.615347889 47.1 HFOC
171 16818.724387540 47.0 HFOC
172 16805.930044627 47.0 HFOC
173 16791.147897971 47.0 HFOC
174 16774.564904251 46.9 HFOC
175 16765.859681213 46.9 HFOC
176 16749.335810015 46.9 HFOC
177 16731.884933634 46.8 HFOC
178 16709.913918095 46.7 HFOC
179 16732.142144554 46.8 HFOC
180 16736.135403075 46.8 HFOC
181 16707.862617148 46.7 HFOC
182 16688.835457410 46.7 HFOC
183 16678.283576060 46.7 HFOC
184 16665.241884679 46.6 HFOC
185 16655.773758765 46.6 HFOC
186 16645.518933446 46.6 HFOC
187 16612.448568986 46.5 HFOC
188 16575.285948633 46.4 HFOC
189 16610.614951106 46.5 HFOC
190 16603.628883389 46.4 HFOC
191 16592.685413535 46.4 HFOC
192 16596.377241441 46.4 HFOC
193 16550.077781671 46.3 HFOC
194 16532.787117304 46.2 HFOC
195 16516.754761450 46.2 HFOC
196 16491.026324211 46.1 HFOC
197 16470.465123948 46.1 HFOC
198 16447.477027190 46.0 HFOC
199 16419.523214237 45.9 HFOC
200 16406.392780649 45.9 HFOC
201 16397.812703472 45.9 HFOC
202 16398.953249032 45.9 HFOC
203 16397.035501177 45.9 HFOC
204 16399.541443330 45.9 HFOC
205 16390.592970527 45.9 HFOC
206 16382.476920728 45.8 HFOC
207 16373.764316681 45.8 HFOC
208 16358.756725199 45.8 HFOC
209 16350.949609837 45.7 HFOC
210 16339.250857644 45.7 HFOC
211 16327.643005451 45.7 HFOC
212 16315.523070652 45.6 HFOC
213 16288.772123048 45.6 HFOC
214 16317.724797944 45.6 HFOC
215 16289.922775292 45.6 HFOC
216 16265.522007140 45.5 HFOC
217 16252.854047120 45.5 HFOC
218 16247.390329156 45.4 HFOC
219 16236.568610321 45.4 HFOC
220 16231.380139571 45.4 HFOC
221 16232.887949407 45.4 HFOC
222 16219.299514012 45.4 HFOC
223 16206.864756684 45.3 HFOC
224 16203.213151231 45.3 HFOC
225 16200.205440904 45.3 HFOC
226 16183.488984199 45.3 HFOC
227 16178.356848502 45.3 HFOC
228 16165.661524929 45.2 HFOC
229 16148.400616885 45.2 HFOC
230 16132.474300154 45.1 HFOC
231 16116.035319257 45.1 HFOC
232 16086.794937689 45.0 HFOC
233 16057.994256176 44.9 HFOC
234 16045.232937063 44.9 HFOC
235 16040.063053882 44.9 HFOC
236 16031.252889032 44.8 HFOC
237 16024.916685326 44.8 HFOC
238 16019.183838578 44.8 HFOC
239 16012.234174991 44.8 HFOC
240 16000.454849277 44.8 HFOC
241 15981.496577629 44.7 HFOC
242 15968.272692799 44.7 HFOC
243 15972.022796412 44.7 HFOC
244 15965.011915836 44.7 HFOC
245 15967.021562573 44.7 HFOC
246 15946.776169917 44.6 HFOC
247 15932.787606796 44.6 HFOC
248 15932.458074091 44.6 HFOC
249 15926.932649020 44.6 HFOC
250 15912.506131271 44.5 HFOC
251 15892.624928680 44.5 HFOC
252 15890.782936336 44.5 HFOC
253 15898.002385855 44.5 HFOC
254 15893.678890173 44.5 HFOC
255 15876.872261472 44.4 HFOC
256 15866.222729928 44.4 HFOC
257 15847.615111139 44.3 HFOC
258 15837.558720861 44.3 HFOC
259 15837.490187029 44.3 HFOC
260 15824.669247858 44.3 HFOC
261 15805.307293367 44.2 HFOC
262 15796.349710318 44.2 HFOC
263 15787.063889725 44.2 HFOC
264 15770.479405355 44.1 HFOC
265 15744.739546510 44.0 HFOC
266 15722.778256742 44.0 HFOC
267 15688.393358663 43.9 HFOC
268 15671.682140036 43.8 HFOC
269 15658.516049831 43.8 HFOC
270 15636.002858406 43.7 HFOC
271 15625.408627176 43.7 HFOC
272 15624.827397149 43.7 HFOC
273 15618.223190308 43.7 HFOC
274 15549.607769063 43.5 HFOC
275 15050.537787042 42.1 HFOC
276 15289.394749785 42.8 HFOC
277 13907.616725701 38.9 HFOC
278 15295.762811596 42.8 HFOC
279 15474.402689478 43.3 HFOC
280 15770.330889192 44.1 HFOC
281 15753.907255249 44.1 HFOC
282 15736.049849842 44.0 HFOC
283 15722.703173236 44.0 HFOC
284 15703.605365941 43.9 HFOC
285 15695.817429554 43.9 HFOC
286 15687.583688704 43.9 HFOC
287 15741.140625955 44.0 HFOC
288 15733.761508295 44.0 HFOC
289 15721.735247588 44.0 HFOC
290 15706.494582903 43.9 HFOC
291 15693.801452765 43.9 HFOC
292 15683.305142046 43.9 HFOC
293 15670.567162066 43.8 HFOC
294 15661.389283794 43.8 HFOC
295 15650.921465689 43.8 HFOC
296 15640.389688347 43.8 HFOC
297 15625.886998415 43.7 HFOC
298 15615.145541827 43.7 HFOC
299 15600.896603297 43.6 HFOC
300 15582.298871349 43.6 HFOC
301 15565.293969675 43.5 HFOC
302 15552.227079618 43.5 HFOC
303 15520.348323780 43.4 HFOC
304 15517.135967867 43.4 HFOC
305 15530.602531414 43.4 HFOC
306 15516.659093201 43.4 HFOC
307 15510.284920094 43.4 HFOC
308 15501.808721548 43.4 HFOC
309 15480.623933639 43.3 HFOC
310 15466.546365783 43.3 HFOC
311 15459.379166685 43.2 HFOC
312 15446.726804032 43.2 HFOC
313 15438.056442685 43.2 HFOC
314 15426.708556194 43.2 HFOC
315 15413.001453271 43.1 HFOC
316 15398.648570743 43.1 HFOC
317 15383.862217119 43.0 HFOC
318 15366.848461025 43.0 HFOC
319 15355.898742057 43.0 HFOC
320 15349.167335353 42.9 HFOC
321 15343.407967118 42.9 HFOC
322 15366.627901300 43.0 HFOC
323 15386.709749742 43.0 HFOC
324 15374.422567933 43.0 HFOC
325 15364.662463461 43.0 HFOC
326 15353.804176294 42.9 HFOC
327 15341.030670621 42.9 HFOC
328 15325.310731017 42.9 HFOC
329 15309.923483680 42.8 HFOC
330 15294.988257022 42.8 HFOC
331 15288.401211440 42.8 HFOC
332 15275.669638320 42.7 HFOC
333 15262.259438394 42.7 HFOC
334 15253.599591426 42.7 HFOC
335 15243.641913645 42.6 HFOC
336 15232.889683294 42.6 HFOC
337 15215.872462600 42.6 HFOC
338 15203.321531090 42.5 HFOC
339 15196.453402997 42.5 HFOC
340 15186.790087329 42.5 HFOC
341 15176.623073718 42.5 HFOC
342 15167.675223927 42.4 HFOC
343 15156.450067239 42.4 HFOC
344 15147.063640946 42.4 HFOC
345 15139.076333006 42.3 HFOC
346 15128.514063259 42.3 HFOC
347 15116.717194402 42.3 HFOC
348 15105.467651190 42.3 HFOC
349 15090.975671637 42.2 HFOC
350 15077.480502246 42.2 HFOC
351 15059.694402981 42.1 HFOC
352 15043.848413353 42.1 HFOC
353 15032.467542690 42.1 HFOC
354 15020.123166250 42.0 HFOC
355 15008.864237014 42.0 HFOC
356 14998.452089573 42.0 HFOC
357 14983.532477606 41.9 HFOC
358 14972.220135431 41.9 HFOC
359 14964.940612565 41.9 HFOC
360 14957.768895826 41.8 HFOC
361 14940.603659045 41.8 HFOC
362 14935.557799689 41.8 HFOC
363 14942.126399628 41.8 HFOC
364 14930.084970619 41.8 HFOC
365 14978.297474077 41.9 HFOC
366 14961.013766772 41.9 HFOC
367 14931.656822254 41.8 HFOC
368 14909.342793415 41.7 HFOC
369 14896.127471941 41.7 HFOC
370 14880.264884350 41.6 HFOC
371 14871.395158521 41.6 HFOC
372 14862.018087069 41.6 HFOC
373 14854.779000779 41.6 HFOC
374 14843.295974707 41.5 HFOC
375 14833.952571455 41.5 HFOC
376 14820.868805667 41.5 HFOC
377 14811.595209097 41.4 HFOC
378 14806.037160707 41.4 HFOC
379 14798.183436850 41.4 HFOC
380 14789.789591233 41.4 HFOC
381 14782.511503507 41.4 HFOC
382 14772.798444136 41.3 HFOC
383 14760.159316429 41.3 HFOC
384 14742.977025838 41.2 HFOC
385 14730.151988584 41.2 HFOC
386 14713.657347492 41.2 HFOC
387 14705.841005795 41.1 HFOC
388 14697.469683925 41.1 HFOC
389 14690.294587072 41.1 HFOC
390 14703.502291293 41.1 HFOC
391 14673.847330430 41.0 HFOC
392 14666.540849023 41.0 HFOC
393 14658.615515959 41.0 HFOC
394 14648.858390510 41.0 HFOC
395 14638.377510541 40.9 HFOC
396 14631.391189114 40.9 HFOC
397 14623.258871850 40.9 HFOC
398 14610.981495643 40.9 HFOC
399 14580.738183573 40.8 HFOC
400 14560.307780850 40.7 HFOC
401 14564.679150258 40.7 HFOC
402 14552.398258692 40.7 HFOC
403 14536.295466591 40.7 HFOC
404 14531.684720426 40.7 HFOC
405 14540.318362781 40.7 HFOC
406 14555.140659639 40.7 HFOC
407 14537.651172591 40.7 HFOC
408 14529.117349077 40.6 HFOC
409 14524.429559680 40.6 HFOC
410 14518.510386341 40.6 HFOC
411 14509.851690873 40.6 HFOC
412 14496.485018643 40.6 HFOC
413 14488.066543143 40.5 HFOC
414 14481.131519213 40.5 HFOC
415 14476.520109150 40.5 HFOC
416 14463.388094445 40.5 HFOC
417 14449.693899356 40.4 HFOC
418 14440.527587961 40.4 HFOC
419 14426.102117961 40.4 HFOC
420 14406.926277170 40.3 HFOC
421 14395.542829458 40.3 HFOC
422 14381.004282993 40.2 HFOC
423 13978.216115175 39.1 HFOC
424 14105.642453166 39.5 HFOC
425 14108.114311464 39.5 HFOC
426 13168.229073635 36.8 HFOC
427 13768.383862309 38.5 HFOC
428 14390.514349956 40.3 HFOC
429 14406.302243685 40.3 HFOC
430 14395.569036345 40.3 HFOC
431 14389.017258952 40.3 HFOC
432 14380.601336607 40.2 HFOC
433 14370.013195245 40.2 HFOC
434 14361.074309297 40.2 HFOC
435 14349.165299300 40.1 HFOC
436 14337.367315622 40.1 HFOC
437 14326.658389965 40.1 HFOC
438 14303.897858165 40.0 HFOC
439 14297.547669630 40.0 HFOC
440 14285.828379504 40.0 HFOC
441 14275.978197313 39.9 HFOC
442 14270.338641153 39.9 HFOC
443 14262.069217578 39.9 HFOC
444 14246.031238139 39.9 HFOC
445 14235.791682995 39.8 HFOC
446 14277.932852718 39.9 HFOC
447 14270.164963790 39.9 HFOC
448 14259.722877494 39.9 HFOC
449 14249.614772095 39.9 HFOC
450 14240.948363022 39.8 HFOC
451 14230.544808731 39.8 HFOC
452 14219.523189603 39.8 HFOC
453 14212.911049390 39.8 HFOC
454 14205.659686569 39.7 HFOC
455 14190.173266500 39.7 HFOC
456 14178.039342647 39.7 HFOC
457 14167.442330889 39.6 HFOC
458 14158.954349387 39.6 HFOC
459 14154.893032144 39.6 HFOC
460 14146.178591811 39.6 HFOC
461 14139.519295195 39.6 HFOC
462 14127.223140467 39.5 HFOC
463 14119.206333764 39.5 HFOC
464 14109.519067343 39.5 HFOC
465 14100.024981266 39.4 HFOC
466 14089.673340544 39.4 HFOC
467 14079.085364209 39.4 HFOC
468 14072.442936175 39.4 HFOC
469 14063.885640875 39.3 HFOC
470 14052.542832395 39.3 HFOC
471 14043.598187552 39.3 HFOC
472 14035.336993459 39.3 HFOC
473 14023.465416910 39.2 HFOC
474 13984.381384839 39.1 HFOC
475 14003.951361285 39.2 HFOC
476 14000.741005790 39.2 HFOC
477 13983.672219894 39.1 HFOC
478 13991.344249285 39.1 HFOC
479 13966.119765384 39.1 HFOC
480 13957.372343898 39.0 HFOC
481 13948.792806712 39.0 HFOC
482 13927.867902775 39.0 HFOC
483 13927.911360848 39.0 HFOC
484 13920.706273082 38.9 HFOC
485 13917.280385630 38.9 HFOC
486 13966.489532024 39.1 HFOC
487 13948.660799721 39.0 HFOC
488 13929.026509737 39.0 HFOC
489 13915.814247345 38.9 HFOC
490 13910.200558786 38.9 HFOC
491 13898.301334329 38.9 HFOC
492 13886.663338029 38.8 HFOC
493 13877.859983158 38.8 HFOC
494 13870.278357600 38.8 HFOC
495 13861.137564035 38.8 HFOC
496 13853.061894758 38.8 HFOC
497 13845.729922577 38.7 HFOC
498 13838.442098911 38.7 HFOC
499 13827.928394844 38.7 HFOC
500 13818.523311189 38.7 HFOC
501 13807.712142918 38.6 HFOC
502 13796.436412816 38.6 HFOC
503 13785.487638935 38.6 HFOC
504 13776.867351841 38.5 HFOC
505 13769.063073351 38.5 HFOC
506 13756.723885718 38.5 HFOC
507 13749.428632668 38.5 HFOC
508 13739.782902960 38.4 HFOC
509 13735.943576009 38.4 HFOC
510 13720.968193954 38.4 HFOC
511 13700.938303999 38.3 HFOC
512 13700.275381646 38.3 HFOC
513 13696.087786330 38.3 HFOC
514 13688.594469606 38.3 HFOC
515 13683.918559464 38.3 HFOC
516 13672.925557251 38.2 HFOC
517 13665.501533943 38.2 HFOC
518 13655.877495683 38.2 HFOC
519 13644.879589566 38.2 HFOC
520 13632.689869579 38.1 HFOC
521 13620.146897080 38.1 HFOC
522 13613.924085234 38.1 HFOC
523 13603.187590331 38.1 HFOC
524 13596.863561963 38.0 HFOC
525 13588.629695323 38.0 HFOC
526 13582.970194780 38.0 HFOC
527 13570.808880974 38.0 HFOC
528 13560.021117935 37.9 HFOC
529 13537.333328167 37.9 HFOC
530 13555.812298230 37.9 HFOC
531 13605.147312269 38.1 HFOC
532 13591.748294058 38.0 HFOC
533 13586.233281235 38.0 HFOC
534 13580.801901212 38.0 HFOC
535 13558.262250554 37.9 HFOC
536 13547.462645129 37.9 HFOC
537 13535.150823963 37.9 HFOC
538 13522.736826538 37.8 HFOC
539 13510.088485438 37.8 HFOC
540 13498.920596452 37.8 HFOC
541 13488.754703945 37.7 HFOC
542 13479.697606814 37.7 HFOC
543 13469.838238783 37.7 HFOC
544 13461.480974855 37.7 HFOC
545 13455.428823387 37.6 HFOC
546 13441.220014402 37.6 HFOC
547 13430.280015601 37.6 HFOC
548 13426.398191267 37.6 HFOC
549 13420.718243307 37.5 HFOC
550 13413.038932203 37.5 HFOC
551 13405.062237774 37.5 HFOC
552 13397.325138013 37.5 HFOC
553 13389.158441403 37.5 HFOC
554 13379.887150666 37.4 HFOC
555 13369.337922524 37.4 HFOC
556 13358.803186817 37.4 HFOC
557 13346.316988358 37.3 HFOC
558 13335.234686505 37.3 HFOC
559 13325.724758144 37.3 HFOC
560 13322.905405281 37.3 HFOC
561 13314.976942727 37.2 HFOC
562 13309.000511975 37.2 HFOC
563 13301.493911418 37.2 HFOC
564 13292.179445987 37.2 HFOC
565 13281.792085614 37.2 HFOC
566 13272.459895649 37.1 HFOC
567 13263.576774870 37.1 HFOC
568 13255.949366137 37.1 HFOC
569 13248.248700838 37.1 HFOC
570 13238.969092192 37.0 HFOC
571 13230.413780275 37.0 HFOC
572 13221.255320082 37.0 HFOC
573 13210.600707149 37.0 HFOC
574 13200.255511080 36.9 HFOC
575 13199.011735799 36.9 HFOC
576 13229.911873702 37.0 HFOC
577 13215.061386620 37.0 HFOC
578 13205.989641164 36.9 HFOC
579 13198.079312465 36.9 HFOC
580 13189.830348493 36.9 HFOC
581 13181.895041815 36.9 HFOC
582 13171.464453591 36.8 HFOC
583 13162.933935407 36.8 HFOC
584 13152.925145152 36.8 HFOC
585 13145.141081351 36.8 HFOC
586 13140.712459031 36.8 HFOC
587 13136.145748501 36.7 HFOC
588 13127.011343634 36.7 HFOC
589 13120.659776990 36.7 HFOC
590 13112.359855570 36.7 HFOC
591 13101.816454754 36.7 HFOC
592 13091.369732013 36.6 HFOC
593 13078.678469369 36.6 HFOC
594 13073.464280737 36.6 HFOC
595 13064.588904068 36.5 HFOC
596 13056.060954086 36.5 HFOC
597 13050.341032413 36.5 HFOC
598 13042.817069604 36.5 HFOC
599 13020.922366607 36.4 HFOC
600 13035.458155180 36.5 HFOC
601 13021.459886570 36.4 HFOC
602 13024.683346854 36.4 HFOC
603 13002.912549633 36.4 HFOC
604 12988.506228357 36.3 HFOC
605 12972.855687376 36.3 HFOC
606 12962.778672014 36.3 HFOC
607 12956.769656896 36.2 HFOC
608 12948.553348809 36.2 HFOC
609 12941.292107849 36.2 HFOC
610 12921.851401263 36.1 HFOC
611 12897.560652407 36.1 HFOC
612 12922.141605066 36.1 HFOC
613 12908.977807003 36.1 HFOC
614 12896.082407534 36.1 HFOC
615 12896.190932934 36.1 HFOC
616 12884.053164596 36.0 HFOC
617 12881.299647729 36.0 HFOC
618 12869.491121477 36.0 HFOC
619 12858.957532612 36.0 HFOC
620 12859.853774516 36.0 HFOC
621 12889.868455381 36.1 HFOC
622 12874.303538261 36.0 HFOC
623 12863.358142633 36.0 HFOC
624 12851.133005827 35.9 HFOC
625 12842.088885564 35.9 HFOC
626 12834.506593822 35.9 HFOC
627 12830.244624374 35.9 HFOC
628 12819.095688660 35.9 HFOC
629 12815.933009753 35.9 HFOC
630 12808.324712055 35.8 HFOC
631 12799.379918926 35.8 HFOC
632 12789.794278794 35.8 HFOC
633 12364.293461899 34.6 HFOC
634 12494.336294130 35.0 HFOC
635 11866.053250788 33.2 HFOC
636 12274.605060567 34.3 HFOC
637 12571.910189475 35.2 HFOC
638 12744.766715208 35.7 HFOC
639 12734.863056527 35.6 HFOC
640 12723.255688474 35.6 HFOC
641 12708.963144433 35.6 HFOC
642 12697.859243245 35.5 HFOC
643 12689.113431925 35.5 HFOC
644 12680.619967448 35.5 HFOC
645 12671.425427681 35.4 HFOC
646 12661.822629921 35.4 HFOC
647 12656.316523471 35.4 HFOC
648 12648.403157777 35.4 HFOC
649 12642.783327589 35.4 HFOC
650 12639.466182656 35.4 HFOC
651 12631.452922544 35.3 HFOC
652 12628.662228723 35.3 HFOC
653 12615.982912009 35.3 HFOC
654 12606.567976980 35.3 HFOC
655 12595.834688063 35.2 HFOC
656 12591.113427681 35.2 HFOC
657 12581.315270946 35.2 HFOC
658 12575.029607971 35.2 HFOC
659 12569.189009098 35.2 HFOC
660 12559.701345165 35.1 HFOC
661 12560.516816137 35.1 HFOC
662 12551.040460157 35.1 HFOC
663 12543.619511595 35.1 HFOC
664 12529.991027356 35.1 HFOC
665 12520.677693216 35.0 HFOC
666 12513.383723869 35.0 HFOC
667 12508.246672344 35.0 HFOC
668 12531.083891321 35.1 HFOC
669 12541.447018027 35.1 HFOC
670 12532.035207141 35.1 HFOC
671 12521.684172836 35.0 HFOC
672 12504.190147574 35.0 HFOC
673 12479.890435676 34.9 HFOC
674 12479.466566033 34.9 HFOC
675 12461.133554204 34.9 HFOC
676 12460.247088201 34.9 HFOC
677 12453.806362016 34.8 HFOC
678 12438.220596048 34.8 HFOC
679 12441.085098632 34.8 HFOC
680 12435.711669484 34.8 HFOC
681 12430.695413897 34.8 HFOC
682 12425.031263811 34.8 HFOC
683 12417.111521966 34.7 HFOC
684 12407.276032469 34.7 HFOC
685 12402.024792983 34.7 HFOC
686 12394.988728434 34.7 HFOC
687 12385.135388957 34.6 HFOC
688 12371.560601786 34.6 HFOC
689 12359.445881899 34.6 HFOC
690 12347.506975578 34.5 HFOC
691 12341.912416303 34.5 HFOC
692 12331.799191216 34.5 HFOC
693 12320.651530967 34.5 HFOC
694 12312.983262969 34.4 HFOC
695 12304.912191421 34.4 HFOC
696 12296.864831436 34.4 HFOC
697 12292.905729200 34.4 HFOC
698 12285.955793024 34.4 HFOC
699 12273.159844064 34.3 HFOC
700 12273.026439192 34.3 HFOC
701 12262.362959274 34.3 HFOC
702 12255.745179152 34.3 HFOC
703 12248.260923339 34.3 HFOC
704 12238.475502080 34.2 HFOC
705 12228.048263538 34.2 HFOC
706 12211.488135383 34.2 HFOC
707 12206.136230400 34.1 HFOC
708 12191.206841851 34.1 HFOC
709 12170.402258887 34.0 HFOC
710 12199.819767351 34.1 HFOC
711 12184.719635000 34.1 HFOC
712 12173.407123107 34.1 HFOC
713 12172.924435413 34.1 HFOC
714 12146.598101123 34.0 HFOC
715 12142.003989137 34.0 HFOC
716 12191.070937793 34.1 HFOC
717 12177.313905999 34.1 HFOC
718 12168.792735966 34.0 HFOC
719 12158.431993013 34.0 HFOC
720 12149.702823415 34.0 HFOC
721 12135.052995079 33.9 HFOC
722 12121.405190349 33.9 HFOC
723 12108.778463274 33.9 HFOC
724 12097.681235219 33.8 HFOC
725 12092.124263440 33.8 HFOC
726 12086.365360667 33.8 HFOC
727 12078.981646675 33.8 HFOC
728 12071.714788055 33.8 HFOC
729 12066.566935557 33.8 HFOC
730 12060.539049636 33.7 HFOC
731 12054.423731244 33.7 HFOC
732 12051.464086873 33.7 HFOC
733 12044.005551107 33.7 HFOC
734 12039.334417647 33.7 HFOC
735 12014.461683408 33.6 HFOC
736 12009.616320586 33.6 HFOC
737 12003.197769796 33.6 HFOC
738 11991.537144703 33.5 HFOC
739 11982.664122007 33.5 HFOC
740 11974.557329658 33.5 HFOC
741 11965.043561761 33.5 HFOC
742 11960.350050016 33.5 HFOC
743 11957.303975860 33.4 HFOC
744 11955.446320419 33.4 HFOC
745 11954.547983410 33.4 HFOC
746 11951.393897471 33.4 HFOC
747 11947.331542081 33.4 HFOC
748 11941.675162697 33.4 HFOC
749 11927.295241758 33.4 HFOC
750 11918.009454730 33.3 HFOC
751 11915.168285931 33.3 HFOC
752 11909.340816360 33.3 HFOC
753 11902.552981649 33.3 HFOC
754 11892.197492919 33.3 HFOC
755 11880.898707501 33.2 HFOC
756 11867.025983963 33.2 HFOC
757 11840.858612931 33.1 HFOC
758 11859.087420847 33.2 HFOC
759 11847.136403616 33.1 HFOC
760 11841.135612795 33.1 HFOC
761 11829.691891455 33.1 HFOC
762 11821.505231708 33.1 HFOC
763 11839.120764041 33.1 HFOC
764 11855.292021404 33.2 HFOC
765 11834.109153428 33.1 HFOC
766 11817.040832483 33.1 HFOC
767 11814.747191363 33.0 HFOC
768 11804.522103138 33.0 HFOC
769 11799.990724969 33.0 HFOC
770 11790.385281735 33.0 HFOC
771 11785.363972696 33.0 HFOC
772 11770.068780969 32.9 HFOC
773 11741.965285967 32.8 HFOC
774 11754.084456204 32.9 HFOC
775 11754.048174296 32.9 HFOC
776 11724.290921720 32.8 HFOC
777 11718.680773751 32.8 HFOC
778 11720.211346921 32.8 HFOC
779 11719.235772154 32.8 HFOC
780 11711.688385726 32.8 HFOC
781 11700.651553665 32.7 HFOC
782 11694.777980656 32.7 HFOC
783 11690.945513021 32.7 HFOC
784 11691.917035183 32.7 HFOC
785 11688.120002681 32.7 HFOC
786 11684.630559792 32.7 HFOC
787 11677.922923018 32.7 HFOC
788 11669.813068200 32.6 HFOC
789 11663.168683982 32.6 HFOC
790 11653.914523722 32.6 HFOC
791 11639.288047515 32.6 HFOC
792 11632.055850604 32.5 HFOC
793 11618.107426773 32.5 HFOC
794 11608.158455247 32.5 HFOC
795 11600.257498778 32.4 HFOC
796 11590.180205515 32.4 HFOC
797 11586.373930063 32.4 HFOC
798 11581.786386462 32.4 HFOC
799 11577.506500206 32.4 HFOC
800 11571.475971456 32.4 HFOC
801 11568.492846340 32.4 HFOC
802 11558.869306983 32.3 HFOC
803 11549.003797670 32.3 HFOC
804 11540.044761259 32.3 HFOC
805 11534.073055781 32.3 HFOC
806 11522.209402686 32.2 HFOC
807 11515.166450940 32.2 HFOC
808 11500.795496651 32.2 HFOC
809 11487.046179127 32.1 HFOC
810 11476.894162804 32.1 HFOC
811 11469.235622660 32.1 HFOC
812 11464.267104374 32.1 HFOC
813 11447.492832319 32.0 HFOC
814 11491.308082185 32.1 HFOC
815 11499.666722638 32.2 HFOC
816 11485.203603296 32.1 HFOC
817 11474.909607822 32.1 HFOC
818 11469.772822880 32.1 HFOC
819 11465.315111350 32.1 HFOC
820 11451.005858961 32.0 HFOC
821 11429.449388288 32.0 HFOC
822 11427.127876409 32.0 HFOC
823 11421.935991532 32.0 HFOC
824 11406.195681507 31.9 HFOC
825 11393.947642664 31.9 HFOC
826 11384.840596389 31.8 HFOC
827 11374.876580170 31.8 HFOC
828 11363.946573327 31.8 HFOC
829 11360.530986452 31.8 HFOC
830 11355.549524630 31.8 HFOC
831 11348.746238872 31.7 HFOC
832 11341.319609389 31.7 HFOC
833 11337.302880483 31.7 HFOC
834 11333.592363520 31.7 HFOC
835 11333.266298604 31.7 HFOC
836 11323.809471811 31.7 HFOC
837 11312.536264471 31.6 HFOC
838 11299.926164793 31.6 HFOC
839 11295.306349513 31.6 HFOC
840 11288.852881089 31.6 HFOC
841 11279.693015798 31.6 HFOC
842 11265.622977207 31.5 HFOC
843 11253.475374645 31.5 HFOC
844 11249.971299287 31.5 HFOC
845 11248.491717950 31.5 HFOC
846 11238.144399469 31.4 HFOC
847 11231.440623792 31.4 HFOC
848 11229.098114573 31.4 HFOC
849 11223.426327023 31.4 HFOC
850 11216.581924348 31.4 HFOC
851 11217.636378099 31.4 HFOC
852 11206.755632412 31.3 HFOC
853 11201.545119955 31.3 HFOC
854 11196.852296104 31.3 HFOC
855 11185.596885633 31.3 HFOC
856 11177.185256619 31.3 HFOC
857 11169.231781295 31.2 HFOC
858 11158.063113608 31.2 HFOC
859 11143.121505897 31.2 HFOC
860 11132.285756724 31.1 HFOC
861 11134.827064259 31.1 HFOC
862 11163.014067228 31.2 HFOC
863 11153.786000633 31.2 HFOC
864 11147.496189109 31.2 HFOC
865 11137.060295816 31.2 HFOC
866 11133.194253358 31.1 HFOC
867 11126.644771154 31.1 HFOC
868 11125.383590889 31.1 HFOC
869 11114.549826572 31.1 HFOC
870 11108.657493543 31.1 HFOC
871 11098.965593151 31.0 HFOC
872 11084.828730759 31.0 HFOC
873 11080.526859891 31.0 HFOC
874 11074.918166662 31.0 HFOC
875 11070.298987899 31.0 HFOC
876 11059.471953756 30.9 HFOC
877 11036.345684308 30.9 HFOC
878 11056.337038824 30.9 HFOC
879 11052.732888098 30.9 HFOC
880 11045.474921285 30.9 HFOC
881 11041.533621857 30.9 HFOC
882 11022.129720975 30.8 HFOC
883 11020.705452489 30.8 HFOC
884 11019.461278664 30.8 HFOC
885 11017.672668570 30.8 HFOC
886 11015.606462590 30.8 HFOC
887 11005.737926825 30.8 HFOC
888 10992.794854319 30.8 HFOC
889 10983.753616428 30.7 HFOC
890 10978.279033899 30.7 HFOC
891 10967.357731121 30.7 HFOC
892 10951.940310490 30.6 HFOC
893 10941.973486118 30.6 HFOC
894 10935.850480726 30.6 HFOC
895 10926.120406126 30.6 HFOC
896 10912.468144754 30.5 HFOC
897 10905.300123842 30.5 HFOC
898 10898.027844525 30.5 HFOC
899 10895.075921580 30.5 HFOC
900 10887.563788543 30.5 HFOC
901 10884.792774921 30.4 HFOC
902 10883.135777062 30.4 HFOC
903 10878.648211384 30.4 HFOC
904 10874.892004874 30.4 HFOC
905 10866.463755864 30.4 HFOC
906 10860.496597625 30.4 HFOC
907 10847.485892923 30.3 HFOC
908 10843.803773213 30.3 HFOC
909 10836.712185566 30.3 HFOC
910 10821.066431393 30.3 HFOC
911 10809.308353190 30.2 HFOC
912 10805.496924062 30.2 HFOC
913 10800.305848200 30.2 HFOC
914 10818.282547219 30.3 HFOC
915 10832.386915090 30.3 HFOC
916 10808.221384675 30.2 HFOC
917 10803.918116889 30.2 HFOC
918 10809.906804526 30.2 HFOC
919 10798.820427330 30.2 HFOC
920 10793.084517090 30.2 HFOC
921 10787.754401340 30.2 HFOC
922 10790.971657328 30.2 HFOC
923 10785.667138613 30.2 HFOC
924 10782.221684093 30.2 HFOC
925 10776.588862612 30.1 HFOC
926 10771.585056820 30.1 HFOC
927 10764.995608965 30.1 HFOC
928 10747.710903671 30.1 HFOC
929 10736.215175690 30.0 HFOC
930 10722.524029204 30.0 HFOC
931 10717.565830830 30.0 HFOC
932 10711.921328649 30.0 HFOC
933 10709.578178994 30.0 HFOC
934 10703.653271417 29.9 HFOC
935 10703.637561942 29.9 HFOC
936 10699.512562608 29.9 HFOC
937 10686.685016438 29.9 HFOC
938 10671.200282693 29.9 HFOC
939 10664.856383770 29.8 HFOC
940 10661.828276836 29.8 HFOC
941 10660.970777518 29.8 HFOC
942 10656.957788012 29.8 HFOC
943 10652.422142399 29.8 HFOC
944 10645.394061757 29.8 HFOC
945 10632.245530586 29.7 HFOC
946 10154.675115070 28.4 HFOC
947 10473.814800701 29.3 HFOC
948 10080.286067565 28.2 HFOC
949 10100.854681835 28.3 HFOC
950 10338.651895978 28.9 HFOC
951 10581.265568922 29.6 HFOC
952 10644.933457166 29.8 HFOC
953 10657.919486964 29.8 HFOC
954 10649.034224725 29.8 HFOC
955 10642.009390944 29.8 HFOC
956 10635.876719471 29.8 HFOC
957 10630.506418156 29.7 HFOC
958 10623.833546453 29.7 HFOC
959 10616.460093357 29.7 HFOC
960 10608.810278226 29.7 HFOC
961 10598.642821970 29.6 HFOC
962 10591.438439408 29.6 HFOC
963 10583.724450411 29.6 HFOC
964 10586.739929437 29.6 HFOC
965 10613.451459601 29.7 HFOC
966 10605.304545360 29.7 HFOC
967 10493.987610621 29.4 PXL
968 10503.437522404 29.4 PXL
969 10515.458164288 29.4 PXL
970 10576.727390835 29.6 HFOC
971 10569.399366783 29.6 HFOC
972 10562.758536526 29.5 HFOC
973 10554.051425792 29.5 HFOC
974 10549.472401958 29.5 HFOC
975 10545.689042320 29.5 HFOC
976 10539.669835249 29.5 HFOC
977 10529.513815900 29.5 HFOC
978 10523.046019598 29.4 HFOC
979 10516.096679688 29.4 HFOC
980 10506.873992813 29.4 HFOC
981 10500.059206546 29.4 HFOC
982 10493.198802269 29.4 HFOC
983 10488.774592538 29.3 HFOC
984 10485.832812821 29.3 HFOC
985 10476.735161139 29.3 HFOC
986 10473.561646617 29.3 HFOC
987 10470.292138620 29.3 HFOC
988 10462.664283466 29.3 HFOC
989 10457.583652303 29.3 HFOC
990 10449.715617468 29.2 HFOC
991 10440.232398224 29.2 HFOC
992 10433.075567761 29.2 HFOC
993 10424.158718502 29.2 HFOC
994 10418.013528371 29.1 HFOC
995 10409.274234906 29.1 HFOC
996 10404.419631108 29.1 HFOC
997 10327.245134403 28.9 PXL
998 10297.023121449 28.8 PXL
999 10290.496264345 28.8 PXL
1000 10305.935693986 28.8 PXL
1001 10295.808575409 28.8 PXL
1002 10364.322785852 29.0 HFOC
1003 10356.760723770 29.0 HFOC
1004 10352.133047080 29.0 HFOC
1005 10344.681644398 28.9 HFOC
1006 10337.740722239 28.9 HFOC
1007 10328.661972507 28.9 HFOC
1008 10326.539980957 28.9 HFOC
1009 10320.813691292 28.9 HFOC
1010 10316.447949523 28.9 HFOC
1011 10312.467840341 28.8 HFOC
1012 10303.260217059 28.8 HFOC
1013 10295.261616920 28.8 HFOC
1014 10287.448257041 28.8 HFOC
1015 10280.676828271 28.8 HFOC
1016 10254.455784795 28.7 HFOC
1017 10290.372491447 28.8 HFOC
1018 10303.640941055 28.8 HFOC
1019 10289.829527411 28.8 HFOC
1020 10274.713967248 28.7 HFOC
1021 10267.693169684 28.7 HFOC
1022 10264.497266243 28.7 HFOC
1023 10257.616176599 28.7 HFOC
1024 10254.266226697 28.7 HFOC
1025 10249.292156304 28.7 HFOC
1026 10242.332987248 28.7 HFOC
1027 10237.973820630 28.6 HFOC
1028 10229.355507773 28.6 HFOC
1029 10221.219633193 28.6 HFOC
1030 10211.564478523 28.6 HFOC
1031 10205.161795101 28.5 HFOC
1032 10195.001232022 28.5 HFOC
1033 10188.415311151 28.5 HFOC
1034 10182.484162082 28.5 HFOC
1035 10178.547399241 28.5 HFOC
1036 10172.519232099 28.5 HFOC
1037 10163.377038691 28.4 HFOC
1038 10159.024445105 28.4 HFOC
1039 10152.965342376 28.4 HFOC
1040 10147.880690974 28.4 HFOC
1041 10138.058126747 28.4 HFOC
1042 10135.535170948 28.4 HFOC
1043 10126.814412277 28.3 HFOC
1044 10119.164130066 28.3 HFOC
1045 10108.511117955 28.3 HFOC
1046 10096.570954024 28.2 HFOC
1047 10093.800128151 28.2 HFOC
1048 10093.637819752 28.2 HFOC
1049 10087.114788314 28.2 HFOC
1050 10084.478051641 28.2 HFOC
1051 10082.791988366 28.2 HFOC
1052 10065.174843391 28.2 HFOC
1053 10063.726381216 28.2 HFOC
1054 10060.720121885 28.1 HFOC
1055 10053.414732818 28.1 HFOC
1056 10049.600074700 28.1 HFOC
1057 10041.513473054 28.1 HFOC
1058 10033.208879684 28.1 HFOC
1059 10027.281179127 28.0 HFOC
1060 10021.983691985 28.0 HFOC
1061 10016.841019135 28.0 HFOC
1062 10008.246003677 28.0 HFOC
1063 10003.036058715 28.0 HFOC
1064 9995.245032539 28.0 HFOC
1065 9987.833225871 27.9 HFOC
1066 9980.094911686 27.9 HFOC
1067 9974.323795922 27.9 HFOC
1068 9968.623006551 27.9 HFOC
1069 9961.237205041 27.9 HFOC
1070 9985.371428071 27.9 HFOC
1071 9982.652829908 27.9 HFOC
1072 9976.725193435 27.9 HFOC
1073 9968.086223510 27.9 HFOC
1074 9962.391970528 27.9 HFOC
1075 9957.258456883 27.9 HFOC
1076 9950.572445444 27.8 HFOC
1077 9942.763808566 27.8 HFOC
1078 9937.135462758 27.8 HFOC
1079 9931.794507096 27.8 HFOC
1080 9930.615626521 27.8 HFOC
1081 9923.732815244 27.8 HFOC
1082 9905.644562816 27.7 HFOC
1083 9906.292450317 27.7 HFOC
1084 9895.952634621 27.7 HFOC
1085 9889.297891170 27.7 HFOC
1086 9884.204848294 27.6 HFOC
1087 9879.458904687 27.6 HFOC
1088 9874.070764008 27.6 HFOC
1089 9869.110924645 27.6 HFOC
1090 9862.958681296 27.6 HFOC
1091 9858.892761949 27.6 HFOC
1092 9854.082709222 27.6 HFOC
1093 9848.342055778 27.5 HFOC
1094 9842.364328840 27.5 HFOC
1095 9834.435040994 27.5 HFOC
1096 9827.598605079 27.5 HFOC
1097 9819.004414707 27.5 HFOC
1098 9812.404717780 27.4 HFOC
1099 9806.839969969 27.4 HFOC
1100 9798.682064540 27.4 HFOC
1101 9782.076507163 27.4 HFOC
1102 9793.092260025 27.4 HFOC
1103 9787.489944653 27.4 HFOC
1104 9778.780505984 27.4 HFOC
1105 9773.263350809 27.3 HFOC
1106 9770.773685322 27.3 HFOC
1107 9757.398507763 27.3 HFOC
1108 9755.072019095 27.3 HFOC
1109 9749.234601912 27.3 HFOC
1110 9744.019559196 27.3 HFOC
1111 9739.652363496 27.2 HFOC
1112 9732.152841051 27.2 HFOC
1113 9725.520186491 27.2 HFOC
1114 9719.542246884 27.2 HFOC
1115 9714.252208351 27.2 HFOC
1116 9707.131846553 27.2 HFOC
1117 9697.668777118 27.1 HFOC
1118 9690.394757879 27.1 HFOC
1119 9682.149048608 27.1 HFOC
1120 9675.899370387 27.1 HFOC
1121 9672.868584674 27.1 HFOC
1122 9672.551909325 27.1 HFOC
1123 9696.931019482 27.1 HFOC
1124 9687.007630132 27.1 HFOC
1125 9679.100073566 27.1 HFOC
1126 9672.119174535 27.1 HFOC
1127 9667.124452078 27.0 HFOC
1128 9665.192866032 27.0 HFOC
1129 9661.582515574 27.0 HFOC
1130 9657.284041276 27.0 HFOC
1131 9652.648102681 27.0 HFOC
1132 9647.479862011 27.0 HFOC
1133 9641.287666358 27.0 HFOC
1134 9633.440541032 26.9 HFOC
1135 9620.529129403 26.9 HFOC
1136 9614.951712746 26.9 HFOC
1137 9608.976235893 26.9 HFOC
1138 9600.488365442 26.9 HFOC
1139 9595.891556098 26.8 HFOC
1140 9590.844456202 26.8 HFOC
1141 9588.235891895 26.8 HFOC
1142 9582.730984961 26.8 HFOC
1143 9577.026994173 26.8 HFOC
1144 9570.492054301 26.8 HFOC
1145 9565.005141664 26.8 HFOC
1146 9560.495815628 26.7 HFOC
1147 9553.685291895 26.7 HFOC
1148 9547.544690516 26.7 HFOC
1149 9540.569746571 26.7 HFOC
1150 9532.708999768 26.7 HFOC
1151 9522.162796835 26.6 HFOC
1152 9504.615849064 26.6 HFOC
1153 9500.749410913 26.6 HFOC
1154 9498.714166289 26.6 HFOC
1155 9491.118812356 26.5 HFOC
1156 9495.163659308 26.6 HFOC
1157 9495.241619862 26.6 HFOC
1158 9491.889302097 26.6 HFOC
1159 9488.269894766 26.5 HFOC
1160 9473.801885205 26.5 HFOC
1161 9471.623841332 26.5 HFOC
1162 9469.220182566 26.5 HFOC
1163 9460.932506617 26.5 HFOC
1164 9456.937074416 26.5 HFOC
1165 9450.572666048 26.4 HFOC
1166 9445.311355087 26.4 HFOC
1167 9435.875988468 26.4 HFOC
1168 9423.987518978 26.4 HFOC
1169 9414.280381845 26.3 HFOC
1170 9407.596735160 26.3 HFOC
1171 9402.304984975 26.3 HFOC
1172 9397.349141207 26.3 HFOC
1173 9395.699115090 26.3 HFOC
1174 9392.637962334 26.3 HFOC
1175 9390.252071742 26.3 HFOC
1176 9386.246795890 26.3 HFOC
1177 9380.544931645 26.2 HFOC
1178 9403.981529303 26.3 HFOC
1179 9397.740699933 26.3 HFOC
1180 9388.814391461 26.3 HFOC
1181 9383.541469470 26.2 HFOC
1182 9377.033179281 26.2 HFOC
1183 9372.034706130 26.2 HFOC
1184 9364.751340028 26.2 HFOC
1185 9356.993274377 26.2 HFOC
1186 9348.444374247 26.2 HFOC
1187 9342.963489043 26.1 HFOC
1188 9339.391663091 26.1 HFOC
1189 9329.627677005 26.1 HFOC
1190 9320.809348113 26.1 HFOC
1191 9315.233486805 26.1 HFOC
1192 9312.625582889 26.1 HFOC
1193 9307.193154838 26.0 HFOC
1194 9299.652186472 26.0 HFOC
1195 9295.608647774 26.0 HFOC
1196 9291.072997574 26.0 HFOC
1197 9286.397057586 26.0 HFOC
1198 9280.945181635 26.0 HFOC
1199 9274.181265274 25.9 HFOC
1200 9266.838828224 25.9 HFOC
1201 9261.661365148 25.9 HFOC
1202 9255.004171181 25.9 HFOC
1203 9247.410749666 25.9 HFOC
1204 9240.533390029 25.8 HFOC
1205 9233.542211306 25.8 HFOC
1206 9228.839860054 25.8 HFOC
1207 9225.959994899 25.8 HFOC
1208 9220.509771686 25.8 HFOC
1209 9204.511391253 25.7 HFOC
1210 9214.217894373 25.8 HFOC
1211 9203.917124716 25.7 HFOC
1212 9202.336006170 25.7 HFOC
1213 9185.202249842 25.7 HFOC
1214 9184.605464096 25.7 HFOC
1215 9178.711430010 25.7 HFOC
1216 9167.151363561 25.6 HFOC
1217 9174.096408634 25.7 HFOC
1218 9164.080132110 25.6 HFOC
1219 9160.399603195 25.6 HFOC
1220 9151.461269796 25.6 HFOC
1221 9140.312971258 25.6 HFOC
1222 9132.787068759 25.5 HFOC
1223 9127.118888424 25.5 HFOC
1224 9120.119884790 25.5 HFOC
1225 9116.756898591 25.5 HFOC
1226 9113.355695739 25.5 HFOC
1227 9106.664446983 25.5 HFOC
1228 9100.613999143 25.5 HFOC
1229 9095.544768091 25.4 HFOC
1230 9092.062850999 25.4 HFOC
1231 9080.736029902 25.4 HFOC
1232 9046.657296434 25.3 HFOC
1233 9075.781117852 25.4 HFOC
1234 9082.173175207 25.4 HFOC
1235 9071.976885383 25.4 HFOC
1236 9003.149802082 25.2 HFOC
1237 8672.055467662 24.3 HFOC
1238 8635.949906964 24.2 HFOC
1239 8561.407800167 23.9 HFOC
1240 8464.744129653 23.7 HFOC
1241 8585.430159249 24.0 HFOC
1242 9054.670568092 25.3 HFOC
1243 9066.073693316 25.4 HFOC
1244 9058.469985923 25.3 HFOC
1245 9051.148435187 25.3 HFOC
1246 9044.271799258 25.3 HFOC
1247 9042.842818920 25.3 HFOC
1248 9039.648559998 25.3 HFOC
1249 9081.027444538 25.4 HFOC
1250 9442.692700646 26.4 HFOC
1251 9715.461579444 27.2 HFOC
1252 9720.963797897 27.2 HFOC
1253 9713.706788229 27.2 HFOC
1254 9707.938385286 27.2 HFOC
1255 9699.891160003 27.1 HFOC
1256 9687.122855956 27.1 HFOC
1257 9678.339898560 27.1 HFOC
1258 9673.029409230 27.1 HFOC
1259 9664.828101936 27.0 HFOC
1260 9656.928389126 27.0 HFOC
1261 9648.742497505 27.0 HFOC
1262 9643.103302188 27.0 HFOC
1263 9635.100347541 27.0 HFOC
1264 9627.005200947 26.9 HFOC
1265 9508.164846230 26.6 PXL
1266 9529.013963075 26.7 PXL
1267 9605.910939367 26.9 HFOC
1268 9598.418812912 26.9 HFOC
1269 9589.924910239 26.8 HFOC
1270 9581.316396332 26.8 HFOC
1271 9572.259094187 26.8 HFOC
1272 9549.124422251 26.7 HFOC
1273 9560.475914111 26.7 HFOC
1274 9553.541832620 26.7 HFOC
1275 9543.545162835 26.7 HFOC
1276 9530.339715471 26.7 HFOC
1277 9525.365581781 26.6 HFOC
1278 9525.700620439 26.6 HFOC
1279 9517.162021398 26.6 HFOC
1280 9512.074102495 26.6 HFOC
1281 9507.941519413 26.6 HFOC
1282 9498.656111072 26.6 HFOC
1283 9492.514650034 26.6 HFOC
1284 9486.338258840 26.5 HFOC
1285 9481.016050992 26.5 HFOC
1286 9470.664204311 26.5 HFOC
1287 9465.221516848 26.5 HFOC
1288 9451.777042638 26.4 HFOC
1289 9442.648738291 26.4 HFOC
1290 9434.439304435 26.4 HFOC
1291 9423.880511167 26.4 HFOC
1292 9420.791373892 26.4 HFOC
1293 9415.824149549 26.3 HFOC
1294 9410.375725793 26.3 HFOC
1295 9405.012671029 26.3 HFOC
1296 9400.569534235 26.3 HFOC
1297 9391.750306537 26.3 HFOC
1298 9385.985472623 26.3 HFOC
1299 9380.454504207 26.2 HFOC
1300 9375.383067946 26.2 HFOC
1301 9368.546937205 26.2 HFOC
1302 9359.340372939 26.2 HFOC
1303 9351.203870659 26.2 HFOC
1304 9343.332700330 26.1 HFOC
1305 9336.044654364 26.1 HFOC
1306 9327.984834324 26.1 HFOC
1307 9320.882364821 26.1 HFOC
1308 9315.448391257 26.1 HFOC
1309 9309.289963126 26.0 HFOC
1310 9302.477577220 26.0 HFOC
1311 9296.378690770 26.0 HFOC
1312 9292.183265847 26.0 HFOC
1313 9286.153923783 26.0 HFOC
1314 9279.866414886 26.0 HFOC
1315 9274.890772447 25.9 HFOC
1316 9267.786514845 25.9 HFOC
1317 9245.621502465 25.9 HFOC
1318 9260.954323713 25.9 HFOC
1319 9255.286328284 25.9 HFOC
1320 9235.558910217 25.8 HFOC
1321 9228.037317617 25.8 HFOC
1322 9209.856429843 25.8 HFOC
1323 9215.515949844 25.8 HFOC
1324 9207.196369242 25.8 HFOC
1325 9202.550972266 25.7 HFOC
1326 9195.537539072 25.7 HFOC
1327 9192.224167185 25.7 HFOC
1328 9180.166478593 25.7 HFOC
1329 9173.610832197 25.7 HFOC
1330 9169.515365403 25.7 HFOC
1331 9164.149857630 25.6 HFOC
1332 9160.048481927 25.6 HFOC
1333 9154.974205113 25.6 HFOC
1334 9147.471825578 25.6 HFOC
1335 9136.613127388 25.6 HFOC
1336 9131.242190553 25.5 HFOC
1337 9123.375752738 25.5 HFOC
1338 9118.614804661 25.5 HFOC
1339 9107.059615700 25.5 HFOC
1340 9100.336712396 25.5 HFOC
1341 9095.132983602 25.4 HFOC
1342 9089.257535850 25.4 HFOC
1343 9081.942368862 25.4 HFOC
1344 9075.311195009 25.4 HFOC
1345 9071.176514033 25.4 HFOC
1346 9065.454309668 25.4 HFOC
1347 9060.948388870 25.3 HFOC
1348 9055.235999508 25.3 HFOC
1349 9052.538361268 25.3 HFOC
1350 9046.727042740 25.3 HFOC
1351 9042.463361911 25.3 HFOC
1352 9034.615909773 25.3 HFOC
1353 9025.113400071 25.2 HFOC
1354 9016.490031263 25.2 HFOC
1355 9011.244506061 25.2 HFOC
1356 9004.284133562 25.2 HFOC
1357 8994.333294506 25.2 HFOC
1358 8986.598654245 25.1 HFOC
1359 8981.836053314 25.1 HFOC
1360 8982.234669024 25.1 HFOC
1361 8979.255006831 25.1 HFOC
1362 8974.097845964 25.1 HFOC
1363 8969.222979701 25.1 HFOC
1364 8966.861097775 25.1 HFOC
1365 8962.737736234 25.1 HFOC
1366 8955.344644477 25.1 HFOC
1367 8950.447952900 25.0 HFOC
1368 8946.447337316 25.0 HFOC
1369 8938.567243362 25.0 HFOC
1370 8923.142965361 25.0 HFOC
1371 8905.310980593 24.9 HFOC
1372 8925.522551138 25.0 HFOC
1373 8900.800736969 24.9 HFOC
1374 8896.272167899 24.9 HFOC
1375 8885.606733748 24.9 HFOC
1376 8855.452894568 24.8 HFOC
1377 8860.058357345 24.8 HFOC
1378 8864.828244247 24.8 HFOC
1379 8859.178638361 24.8 HFOC
1380 8859.239280054 24.8 HFOC
1381 8848.640964312 24.8 HFOC
1382 8835.731203037 24.7 HFOC
1383 8833.093538958 24.7 HFOC
1384 8825.374843323 24.7 HFOC
1385 8822.859235363 24.7 HFOC
1386 8816.678148999 24.7 HFOC
1387 8811.929280844 24.7 HFOC
1388 8804.978682513 24.6 HFOC
1389 8794.167043492 24.6 HFOC
1390 8785.725567083 24.6 HFOC
1391 8776.925800360 24.6 HFOC
1392 8770.684169965 24.5 HFOC
1393 8762.026984828 24.5 HFOC
1394 8755.697040619 24.5 HFOC
1395 8750.053350243 24.5 HFOC
1396 8747.960211932 24.5 HFOC
1397 8747.807318504 24.5 HFOC
1398 8743.006102354 24.5 HFOC
1399 8734.472124697 24.4 HFOC
1400 8729.943307959 24.4 HFOC
1401 8727.592457644 24.4 HFOC
1402 8721.698235148 24.4 HFOC
1403 8717.054592827 24.4 HFOC
1404 8712.002866207 24.4 HFOC
1405 8706.701766238 24.4 HFOC
1406 8698.423797117 24.3 HFOC
1407 8687.806202031 24.3 HFOC
1408 8676.137820477 24.3 HFOC
1409 8670.571116374 24.3 HFOC
1410 8662.689666080 24.2 HFOC
1411 8655.428918419 24.2 HFOC
1412 8653.486546048 24.2 HFOC
1413 8650.131214482 24.2 HFOC
1414 8647.055953673 24.2 HFOC
1415 8640.433256636 24.2 HFOC
1416 8638.071067992 24.2 HFOC
1417 8634.821165377 24.2 HFOC
1418 8628.786748408 24.1 HFOC
1419 8623.461257275 24.1 HFOC
1420 8619.005144968 24.1 HFOC
1421 8614.806661496 24.1 HFOC
1422 8607.758661447 24.1 HFOC
1423 8600.022258069 24.1 HFOC
1424 8595.695558323 24.0 HFOC
1425 8583.856534528 24.0 HFOC
1426 8576.180348149 24.0 HFOC
1427 8554.510152865 23.9 HFOC
1428 8571.368731397 24.0 HFOC
1429 8560.132530110 23.9 HFOC
1430 8554.498513971 23.9 HFOC
1431 8552.805882536 23.9 HFOC
1432 8536.682290073 23.9 HFOC
1433 8538.486395969 23.9 HFOC
1434 8532.305844121 23.9 HFOC
1435 8526.896742682 23.9 HFOC
1436 8523.244351794 23.8 HFOC
1437 8520.826588468 23.8 HFOC
1438 8511.599376366 23.8 HFOC
1439 8510.126893586 23.8 HFOC
1440 8502.514128296 23.8 HFOC
1441 8498.169731129 23.8 HFOC
1442 8488.873807948 23.7 HFOC
1443 8478.692109862 23.7 HFOC
1444 8471.192657900 23.7 HFOC
1445 8465.967320854 23.7 HFOC
1446 8464.406524889 23.7 HFOC
1447 8458.131680405 23.7 HFOC
1448 8453.196386188 23.6 HFOC
1449 8448.508839067 23.6 HFOC
1450 8442.947242188 23.6 HFOC
1451 8441.075341427 23.6 HFOC
1452 8436.374344986 23.6 HFOC
1453 8430.880769371 23.6 HFOC
1454 8428.569719212 23.6 HFOC
1455 8421.081790627 23.6 HFOC
1456 8415.366785679 23.5 HFOC
1457 8411.724175386 23.5 HFOC
1458 8400.243911863 23.5 HFOC
1459 8390.396767090 23.5 HFOC
1460 8379.297643104 23.4 HFOC
1461 8376.424877904 23.4 HFOC
1462 8371.564251381 23.4 HFOC
1463 8369.874995011 23.4 HFOC
1464 8368.808705393 23.4 HFOC
1465 8367.247525782 23.4 HFOC
1466 8363.632751676 23.4 HFOC
1467 8358.944142478 23.4 HFOC
1468 8355.064789949 23.4 HFOC
1469 8347.582955201 23.4 HFOC
1470 8343.896467170 23.3 HFOC
1471 8338.731000813 23.3 HFOC
1472 8333.860760997 23.3 HFOC
1473 8330.258990839 23.3 HFOC
1474 8322.564568262 23.3 HFOC
1475 8315.591212528 23.3 HFOC
1476 8308.581131702 23.2 HFOC
1477 8303.416035968 23.2 HFOC
1478 8295.489824574 23.2 HFOC
1479 8289.171535377 23.2 HFOC
1480 8285.478679466 23.2 HFOC
1481 8268.504742248 23.1 HFOC
1482 8286.358845144 23.2 HFOC
1483 8280.311618208 23.2 HFOC
1484 8274.086263815 23.1 HFOC
1485 8270.331702976 23.1 HFOC
1486 8279.045424169 23.2 HFOC
1487 8254.014381955 23.1 HFOC
1488 8251.921110405 23.1 HFOC
1489 8245.944908943 23.1 HFOC
1490 8240.599281244 23.1 HFOC
1491 8236.652206442 23.0 HFOC
1492 8233.450587336 23.0 HFOC
1493 8226.183614576 23.0 HFOC
1494 8218.497152151 23.0 HFOC
1495 8210.558422352 23.0 HFOC
1496 8203.806923642 22.9 HFOC
1497 8197.875760967 22.9 HFOC
1498 8194.926788415 22.9 HFOC
1499 8188.012759561 22.9 HFOC
1500 8183.759768826 22.9 HFOC
1501 8181.454763556 22.9 HFOC
1502 8178.518150754 22.9 HFOC
1503 8173.610155870 22.9 HFOC
1504 8167.409751826 22.8 HFOC
1505 8160.833106536 22.8 HFOC
1506 8156.344314869 22.8 HFOC
1507 8153.072973934 22.8 HFOC
1508 8147.215949521 22.8 HFOC
1509 8140.490833512 22.8 HFOC
1510 8134.373966242 22.8 HFOC
1511 8125.631259216 22.7 HFOC
1512 8119.447581181 22.7 HFOC
1513 8113.591723821 22.7 HFOC
1514 8108.128620189 22.7 HFOC
1515 8101.562642241 22.7 HFOC
1516 8098.451484236 22.7 HFOC
1517 8094.769333063 22.6 HFOC
1518 8090.697619703 22.6 HFOC
1519 8085.972482028 22.6 HFOC
1520 8083.433019761 22.6 HFOC
1521 8079.348704598 22.6 HFOC
1522 8074.016641419 22.6 HFOC
1523 8071.390536461 22.6 HFOC
1524 8066.280610690 22.6 HFOC
1525 8061.277164524 22.6 HFOC
1526 8055.571943484 22.5 HFOC
1527 8047.702365997 22.5 HFOC
1528 8040.214718241 22.5 HFOC
1529 8036.014248194 22.5 HFOC
1530 8029.435420113 22.5 HFOC
1531 8024.420686423 22.4 HFOC
1532 8018.107226240 22.4 HFOC
1533 8001.245865069 22.4 HFOC
1534 8021.038369201 22.4 HFOC
1535 8011.483978687 22.4 HFOC
1536 8006.744575832 22.4 HFOC
1537 7997.232299156 22.4 HFOC
1538 7992.357023141 22.4 HFOC
1539 7990.028424952 22.4 HFOC
1540 7985.768311969 22.3 HFOC
1541 7980.221854289 22.3 HFOC
1542 7971.743000371 22.3 HFOC
1543 7964.989926325 22.3 HFOC
1544 7957.457419573 22.3 HFOC
1545 7949.493471749 22.2 HFOC
1546 7941.560171488 22.2 HFOC
1547 7937.782472584 22.2 HFOC
1548 7932.968081609 22.2 HFOC
1549 7930.283587773 22.2 HFOC
1550 7920.808611348 22.2 HFOC
1551 7919.437181545 22.2 HFOC
1552 7915.991516086 22.1 HFOC
1553 7913.772385087 22.1 HFOC
1554 7913.205318099 22.1 HFOC
1555 7909.413192894 22.1 HFOC
1556 7905.850860408 22.1 HFOC
1557 7903.217811469 22.1 HFOC
1558 7898.706946623 22.1 HFOC
1559 7894.805594201 22.1 HFOC
1560 7890.494492658 22.1 HFOC
1561 7881.706428851 22.0 HFOC
1562 7875.483965468 22.0 HFOC
1563 7865.081607334 22.0 HFOC
1564 7859.804123771 22.0 HFOC
1565 7850.721390903 22.0 HFOC
1566 7850.723056562 22.0 HFOC
1567 7851.330188692 22.0 HFOC
1568 7849.215632575 22.0 HFOC
1569 7845.534495769 21.9 HFOC
1570 7840.673177437 21.9 HFOC
1571 7837.249314412 21.9 HFOC
1572 7831.833204106 21.9 HFOC
1573 7826.885098327 21.9 HFOC
1574 7823.169605810 21.9 HFOC
1575 7817.549242962 21.9 HFOC
1576 7807.605969628 21.8 HFOC
1577 7801.418159266 21.8 HFOC
1578 7793.768429574 21.8 HFOC
1579 7784.216055574 21.8 HFOC
1580 7775.907935265 21.8 HFOC
1581 7784.301851377 21.8 HFOC
1582 7780.536814221 21.8 HFOC
1583 7772.688429383 21.7 HFOC
1584 7763.816951947 21.7 HFOC
1585 7762.350848307 21.7 HFOC
1586 7759.861791762 21.7 HFOC
1587 7753.386672902 21.7 HFOC
1588 7747.370457186 21.7 HFOC
1589 7742.057251450 21.7 HFOC
1590 7739.265665637 21.6 HFOC
1591 7734.218102053 21.6 HFOC
1592 7728.520667678 21.6 HFOC
1593 7724.196927673 21.6 HFOC
1594 7712.613404294 21.6 HFOC
1595 7710.953826928 21.6 HFOC
1596 7708.072877444 21.6 HFOC
1597 7705.302713980 21.6 HFOC
1598 7691.740714286 21.5 HFOC
1599 7688.218917572 21.5 HFOC
1600 7684.548783879 21.5 HFOC
1601 7679.114757418 21.5 HFOC
1602 7676.163588284 21.5 HFOC
1603 7674.792145355 21.5 HFOC
1604 7672.085906278 21.5 HFOC
1605 7664.875288785 21.4 HFOC
1606 7660.566686491 21.4 HFOC
1607 7656.118053449 21.4 HFOC
1608 7653.520841931 21.4 HFOC
1609 7649.065463880 21.4 HFOC
1610 7643.855099522 21.4 HFOC
1611 7639.607931192 21.4 HFOC
1612 7630.344330247 21.3 HFOC
1613 7623.545441200 21.3 HFOC
1614 7618.213077443 21.3 HFOC
1615 7616.240609689 21.3 HFOC
1616 7612.791475853 21.3 HFOC
1617 7606.701460641 21.3 HFOC
1618 7605.045607016 21.3 HFOC
1619 7597.579596406 21.3 HFOC
1620 7594.137800729 21.2 HFOC
1621 7590.596803524 21.2 HFOC
1622 7586.549910900 21.2 HFOC
1623 7584.978145351 21.2 HFOC
1624 7582.870502990 21.2 HFOC
1625 7579.813609963 21.2 HFOC
1626 7571.186177491 21.2 HFOC
1627 7562.396037777 21.2 HFOC
1628 7556.755310862 21.1 HFOC
1629 7546.577963281 21.1 HFOC
1630 7540.027684068 21.1 HFOC
1631 7535.593536286 21.1 HFOC
1632 7533.203076676 21.1 HFOC
1633 7531.698613372 21.1 HFOC
1634 7531.023478402 21.1 HFOC
1635 7529.613192761 21.1 HFOC
1636 7524.850524448 21.0 HFOC
1637 7522.685050137 21.0 HFOC
1638 7520.272841215 21.0 HFOC
1639 7518.853348605 21.0 HFOC
1640 7515.856810552 21.0 HFOC
1641 7509.876169788 21.0 HFOC
1642 7504.518106005 21.0 HFOC
1643 7500.449496841 21.0 HFOC
1644 7495.188834269 21.0 HFOC
1645 7485.239147873 20.9 HFOC
1646 7478.564482470 20.9 HFOC
1647 7470.914362706 20.9 HFOC
1648 7467.773244384 20.9 HFOC
1649 7464.919706925 20.9 HFOC
1650 7461.515942620 20.9 HFOC
1651 7455.139328935 20.9 HFOC
1652 7453.562874864 20.9 HFOC
1653 7449.532092618 20.8 HFOC
1654 7445.615483639 20.8 HFOC
1655 7441.958946662 20.8 HFOC
1656 7435.958018009 20.8 HFOC
1657 7419.718873808 20.8 HFOC
1658 7430.892423354 20.8 HFOC
1659 7423.935879358 20.8 HFOC
1660 7423.524852514 20.8 HFOC
1661 7409.126138727 20.7 HFOC
1662 7385.195772947 20.7 HFOC
1663 7369.927644992 20.6 HFOC
1664 7378.110020360 20.6 HFOC
1665 7377.743972519 20.6 HFOC
1666 7373.014504037 20.6 HFOC
1667 7378.513589798 20.6 HFOC
1668 7371.476914360 20.6 HFOC
1669 7364.024022830 20.6 HFOC
1670 7361.201426726 20.6 HFOC
1671 7359.421137929 20.6 HFOC
1672 7357.904342260 20.6 HFOC
1673 7348.966053844 20.6 HFOC
1674 7098.735023920 19.9 HFOC
1675 7139.957628386 20.0 HFOC
1676 6800.127124588 19.0 HFOC
1677 7133.800290884 20.0 HFOC
1678 7245.051519636 20.3 HFOC
1679 7349.092803998 20.6 HFOC
1680 7354.144431828 20.6 HFOC
1681 7350.791418936 20.6 HFOC
1682 7346.241749646 20.5 HFOC
1683 7345.336145769 20.5 HFOC
1684 7346.675371399 20.6 HFOC
1685 7333.545595374 20.5 HFOC
1686 7331.318201963 20.5 HFOC
1687 7328.439500564 20.5 HFOC
1688 7323.340845590 20.5 HFOC
1689 7318.252132583 20.5 HFOC
1690 7314.024831946 20.5 HFOC
1691 7307.516585815 20.4 HFOC
1692 7303.685310630 20.4 HFOC
1693 7297.684795648 20.4 HFOC
1694 7295.494731067 20.4 HFOC
1695 7291.303884594 20.4 HFOC
1696 7287.293974613 20.4 HFOC
1697 7281.955427284 20.4 HFOC
1698 7279.776952445 20.4 HFOC
1699 7273.753557515 20.3 HFOC
1700 7268.150433896 20.3 HFOC
1701 7263.721591718 20.3 HFOC
1702 7259.909078085 20.3 HFOC
1703 7256.883062245 20.3 HFOC
1704 7254.019669382 20.3 HFOC
1705 7251.780987254 20.3 HFOC
1706 7248.381235745 20.3 HFOC
1707 7244.806293950 20.3 HFOC
1708 7240.558193706 20.3 HFOC
1709 7234.052915529 20.2 HFOC
1710 7232.699130325 20.2 HFOC
1711 7224.709785286 20.2 HFOC
1712 7219.478837753 20.2 HFOC
1713 7213.623865269 20.2 HFOC
1714 7211.261498355 20.2 HFOC
1715 7205.050208231 20.2 HFOC
1716 7200.457161237 20.1 HFOC
1717 7195.675531082 20.1 HFOC
1718 7191.866536132 20.1 HFOC
1719 7188.659811272 20.1 HFOC
1720 7183.601909398 20.1 HFOC
1721 7180.471867645 20.1 HFOC
1722 7176.402442849 20.1 HFOC
1723 7172.219517968 20.1 HFOC
1724 7167.758739681 20.1 HFOC
1725 7164.424177216 20.0 HFOC
1726 7160.958605320 20.0 HFOC
1727 7157.897630938 20.0 HFOC
1728 7151.723885143 20.0 HFOC
1729 7146.501989422 20.0 HFOC
1730 7142.726730544 20.0 HFOC
1731 7139.861681446 20.0 HFOC
1732 7136.036299803 20.0 HFOC
1733 7133.061070246 20.0 HFOC
1734 7129.560182748 19.9 HFOC
1735 7125.296667576 19.9 HFOC
1736 7121.351832419 19.9 HFOC
1737 7117.228403275 19.9 HFOC
1738 7112.342309703 19.9 HFOC
1739 7108.185411689 19.9 HFOC
1740 7104.030973440 19.9 HFOC
1741 7099.865644553 19.9 HFOC
1742 7096.855933667 19.9 HFOC
1743 7093.464870900 19.8 HFOC
1744 7088.622710270 19.8 HFOC
1745 7096.781671037 19.9 HFOC
1746 7321.081705230 20.5 HFOC
1747 7470.813493847 20.9 HFOC
1748 7469.546378720 20.9 HFOC
1749 7464.298645077 20.9 HFOC
1750 7458.648188117 20.9 HFOC
1751 7454.945919782 20.9 HFOC
1752 7448.537521029 20.8 HFOC
1753 7441.995628915 20.8 HFOC
1754 7445.708855780 20.8 HFOC
1755 7438.394082499 20.8 HFOC
1756 7430.029531717 20.8 HFOC
1757 7426.212776954 20.8 HFOC
1758 7418.925991728 20.8 HFOC
1759 7414.339583894 20.7 HFOC
1760 7406.458108981 20.7 HFOC
1761 7398.603992427 20.7 HFOC
1762 7395.249687061 20.7 HFOC
1763 7390.729709544 20.7 HFOC
1764 7384.262742144 20.7 HFOC
1765 7380.204574641 20.6 HFOC
1766 7376.050475729 20.6 HFOC
1767 7360.470133417 20.6 HFOC
1768 7369.929312669 20.6 HFOC
1769 7368.296653060 20.6 HFOC
1770 7355.410247296 20.6 HFOC
1771 7351.516059035 20.6 HFOC
1772 7344.827472336 20.5 HFOC
1773 7337.246493255 20.5 HFOC
1774 7333.739063625 20.5 HFOC
1775 7325.586630202 20.5 HFOC
1776 7321.195955162 20.5 HFOC
1777 7317.132139968 20.5 HFOC
1778 7306.600052077 20.4 HFOC
1779 7299.292725710 20.4 HFOC
1780 7307.293915847 20.4 HFOC
1781 7296.678168072 20.4 HFOC
1782 7298.316959799 20.4 HFOC
1783 7292.333043820 20.4 HFOC
1784 7289.416529755 20.4 HFOC
1785 7281.570942355 20.4 HFOC
1786 7275.807793982 20.4 HFOC
1787 7272.187226353 20.3 HFOC
1788 7267.126216398 20.3 HFOC
1789 7262.375414093 20.3 HFOC
1790 7254.567660815 20.3 HFOC
1791 7249.733299382 20.3 HFOC
1792 7242.284797944 20.3 HFOC
1793 7236.677894411 20.2 HFOC
1794 7230.859042739 20.2 HFOC
1795 7225.362919016 20.2 HFOC
1796 7223.624563268 20.2 HFOC
1797 7220.410587071 20.2 HFOC
1798 7217.131520483 20.2 HFOC
1799 7213.906647656 20.2 HFOC
1800 7209.764991716 20.2 HFOC
1801 7204.684001018 20.2 HFOC
1802 7199.306805709 20.1 HFOC
1803 7193.291368124 20.1 HFOC
1804 7188.505480730 20.1 HFOC
1805 7178.110138070 20.1 HFOC
1806 7176.278140370 20.1 HFOC
1807 7177.748911504 20.1 HFOC
1808 7168.301010144 20.1 HFOC
1809 7161.756173409 20.0 HFOC
1810 7134.052259681 20.0 HFOC
1811 7124.161947426 19.9 HFOC
1812 7126.721738004 19.9 HFOC
1813 7127.504356478 19.9 HFOC
1814 7123.254168977 19.9 HFOC
1815 7118.701895812 19.9 HFOC
1816 7112.861293118 19.9 HFOC
1817 7108.464931484 19.9 HFOC
1818 7102.055117737 19.9 HFOC
1819 7095.229662339 19.8 HFOC
1820 7090.466793554 19.8 HFOC
1821 7083.747947607 19.8 HFOC
1822 7078.289010365 19.8 HFOC
1823 7074.529793448 19.8 HFOC
1824 7067.720555421 19.8 HFOC
1825 7063.646639423 19.8 HFOC
1826 7062.223012080 19.8 HFOC
1827 7059.709120765 19.7 HFOC
1828 7052.924664295 19.7 HFOC
1829 7047.325105736 19.7 HFOC
1830 7042.474455757 19.7 HFOC
1831 7038.404454034 19.7 HFOC
1832 7031.433112860 19.7 HFOC
1833 7027.869574140 19.7 HFOC
1834 7022.334759420 19.6 HFOC
1835 7017.407441041 19.6 HFOC
1836 7014.161753733 19.6 HFOC
1837 7008.659714995 19.6 HFOC
1838 7002.732367252 19.6 HFOC
1839 6996.731484589 19.6 HFOC
1840 6993.412181436 19.6 HFOC
1841 6990.540632207 19.6 HFOC
1842 6986.155856350 19.5 HFOC
1843 6982.437919206 19.5 HFOC
1844 6978.804247913 19.5 HFOC
1845 6975.285727435 19.5 HFOC
1846 6970.582354744 19.5 HFOC
1847 6967.498631530 19.5 HFOC
1848 6961.319010376 19.5 HFOC
1849 6957.948912507 19.5 HFOC
1850 6954.732372685 19.5 HFOC
1851 6951.240350449 19.4 HFOC
1852 6946.723672474 19.4 HFOC
1853 6942.085906582 19.4 HFOC
1854 6937.506936248 19.4 HFOC
1855 6930.808046959 19.4 HFOC
1856 6927.577931669 19.4 HFOC
1857 6924.520170795 19.4 HFOC
1858 6919.994007186 19.4 HFOC
1859 6915.100901011 19.3 HFOC
1860 6909.064470716 19.3 HFOC
1861 6909.327851654 19.3 HFOC
1862 6906.433573600 19.3 HFOC
1863 6903.231227026 19.3 HFOC
1864 6898.836724129 19.3 HFOC
1865 6887.420307013 19.3 HFOC
1866 6887.103063694 19.3 HFOC
1867 6883.127065141 19.3 HFOC
1868 6878.777005939 19.2 HFOC
1869 6874.528336871 19.2 HFOC
1870 6868.305111200 19.2 HFOC
1871 6863.699828225 19.2 HFOC
1872 6861.121648016 19.2 HFOC
1873 6855.714762545 19.2 HFOC
1874 6851.756819093 19.2 HFOC
1875 6847.674431209 19.2 HFOC
1876 6842.924464531 19.1 HFOC
1877 6837.180845084 19.1 HFOC
1878 6832.877877217 19.1 HFOC
1879 6829.242006406 19.1 HFOC
1880 6826.914513992 19.1 HFOC
1881 6824.000432575 19.1 HFOC
1882 6820.390782983 19.1 HFOC
1883 6815.415040761 19.1 HFOC
1884 6809.214272199 19.0 HFOC
1885 6805.288432745 19.0 HFOC
1886 6799.951350014 19.0 HFOC
1887 6795.885549754 19.0 HFOC
1888 6791.176718363 19.0 HFOC
1889 6786.727953080 19.0 HFOC
1890 6783.505855281 19.0 HFOC
1891 6781.691665391 19.0 HFOC
1892 6779.616923494 19.0 HFOC
1893 6772.712452083 18.9 HFOC
1894 6769.123215418 18.9 HFOC
1895 6763.967284695 18.9 HFOC
1896 6759.859779039 18.9 HFOC
1897 6755.900465965 18.9 HFOC
1898 6751.488052912 18.9 HFOC
1899 6748.846511138 18.9 HFOC
1900 6744.978537502 18.9 HFOC
1901 6739.208034012 18.9 HFOC
1902 6734.370334298 18.8 HFOC
1903 6729.392265397 18.8 HFOC
1904 6726.215221898 18.8 HFOC
1905 6723.539269720 18.8 HFOC
1906 6719.289363065 18.8 HFOC
1907 6715.421102662 18.8 HFOC
1908 6710.345076259 18.8 HFOC
1909 6706.260404554 18.8 HFOC
1910 6701.140411392 18.7 HFOC
1911 6697.984023961 18.7 HFOC
1912 6694.630909176 18.7 HFOC
1913 6690.603709639 18.7 HFOC
1914 6684.816966568 18.7 HFOC
1915 6687.519071971 18.7 HFOC
1916 6681.446617784 18.7 HFOC
1917 6677.320303165 18.7 HFOC
1918 6674.599334488 18.7 HFOC
1919 6670.727716972 18.7 HFOC
1920 6660.509306247 18.6 HFOC
1921 6659.646413668 18.6 HFOC
1922 6654.434352436 18.6 HFOC
1923 6653.823301771 18.6 HFOC
1924 6648.773640142 18.6 HFOC
1925 6644.211347455 18.6 HFOC
1926 6638.171648743 18.6 HFOC
1927 6633.992257356 18.6 HFOC
1928 6630.824060711 18.5 HFOC
1929 6627.669205216 18.5 HFOC
1930 6624.587004675 18.5 HFOC
1931 6620.376978491 18.5 HFOC
1932 6619.848163648 18.5 HFOC
1933 6614.805172976 18.5 HFOC
1934 6610.158530921 18.5 HFOC
1935 6605.341404727 18.5 HFOC
1936 6600.899337922 18.5 HFOC
1937 6597.974831921 18.5 HFOC
1938 6594.468821824 18.4 HFOC
1939 6591.225954365 18.4 HFOC
1940 6587.753304092 18.4 HFOC
1941 6582.852358521 18.4 HFOC
1942 6578.255056442 18.4 HFOC
1943 6573.805586241 18.4 HFOC
1944 6568.061431065 18.4 HFOC
1945 6566.569190459 18.4 HFOC
1946 6562.700284216 18.4 HFOC
1947 6559.348956425 18.3 HFOC
1948 6554.386249175 18.3 HFOC
1949 6552.504172577 18.3 HFOC
1950 6551.371997917 18.3 HFOC
1951 6548.637218864 18.3 HFOC
1952 6544.941519136 18.3 HFOC
1953 6539.545802917 18.3 HFOC
1954 6536.848961930 18.3 HFOC
1955 6531.691281125 18.3 HFOC
1956 6527.704634379 18.3 HFOC
1957 6525.727172627 18.3 HFOC
1958 6521.043561550 18.2 HFOC
1959 6515.512985890 18.2 HFOC
1960 6511.982853372 18.2 HFOC
1961 6507.895732314 18.2 HFOC
1962 6500.635578461 18.2 HFOC
1963 6501.059258195 18.2 HFOC
1964 6495.159038705 18.2 HFOC
1965 6489.967809657 18.2 HFOC
1966 6487.294450784 18.1 HFOC
1967 6484.128431975 18.1 HFOC
1968 6473.899391352 18.1 HFOC
1969 6479.863438605 18.1 HFOC
1970 6477.319964906 18.1 HFOC
1971 6473.217445991 18.1 HFOC
1972 6472.500399245 18.1 HFOC
1973 6461.506774804 18.1 HFOC
1974 6457.652729279 18.1 HFOC
1975 6455.431297868 18.1 HFOC
1976 6452.137990520 18.0 HFOC
1977 6449.438469502 18.0 HFOC
1978 6445.543772342 18.0 HFOC
1979 6440.473087156 18.0 HFOC
1980 6436.389412879 18.0 HFOC
1981 6432.490827315 18.0 HFOC
1982 6429.523714496 18.0 HFOC
1983 6427.050964335 18.0 HFOC
1984 6424.534736225 18.0 HFOC
1985 6420.585885223 18.0 HFOC
1986 6417.189482718 18.0 HFOC
1987 6412.300651824 17.9 HFOC
1988 6409.397749559 17.9 HFOC
1989 6405.163302599 17.9 HFOC
1990 6400.687662348 17.9 HFOC
1991 6395.820362312 17.9 HFOC
1992 6391.441580515 17.9 HFOC
1993 6387.936263590 17.9 HFOC
1994 6384.641981582 17.9 HFOC
1995 6382.049418540 17.9 HFOC
1996 6378.800227425 17.8 HFOC
1997 6374.672872323 17.8 HFOC
1998 6371.267720009 17.8 HFOC
1999 6368.053550588 17.8 HFOC
2000 6357.644312570 17.8 HFOC
2001 6358.328963205 17.8 HFOC
2002 6353.990732775 17.8 HFOC
2003 6350.472965520 17.8 HFOC
2004 6349.288805196 17.8 HFOC
2005 6346.236221819 17.8 HFOC
2006 6341.525843025 17.7 HFOC
2007 6336.096862974 17.7 HFOC
2008 6331.964050520 17.7 HFOC
2009 6328.363323195 17.7 HFOC
2010 6324.604971958 17.7 HFOC
2011 6320.620437295 17.7 HFOC
2012 6318.535354429 17.7 HFOC
2013 6314.752247268 17.7 HFOC
2014 6312.765370121 17.7 HFOC
2015 6308.541603505 17.6 HFOC
2016 6304.493785263 17.6 HFOC
2017 6300.695077679 17.6 HFOC
2018 6297.799307031 17.6 HFOC
2019 6293.823702056 17.6 HFOC
2020 6291.087158548 17.6 HFOC
2021 6287.184228141 17.6 HFOC
2022 6282.241966577 17.6 HFOC
2023 6278.849822393 17.6 HFOC
2024 6273.076756553 17.5 HFOC
2025 6264.045957428 17.5 HFOC
2026 6262.434263794 17.5 HFOC
2027 6264.234928604 17.5 HFOC
2028 6260.492279301 17.5 HFOC
2029 6257.079046229 17.5 HFOC
2030 6254.117737720 17.5 HFOC
2031 6253.015237333 17.5 HFOC
2032 6252.043178155 17.5 HFOC
2033 6241.256716367 17.5 HFOC
2034 6238.661132203 17.5 HFOC
2035 6235.590143022 17.4 HFOC
2036 6232.340596851 17.4 HFOC
2037 6229.900911202 17.4 HFOC
2038 6226.396685417 17.4 HFOC
2039 6221.773117500 17.4 HFOC
2040 6217.344761352 17.4 HFOC
2041 6214.283225378 17.4 HFOC
2042 6209.926705398 17.4 HFOC
2043 6205.772099068 17.4 HFOC
2044 6201.441411221 17.3 HFOC
2045 6197.636706221 17.3 HFOC
2046 6194.549512116 17.3 HFOC
2047 6192.144720669 17.3 HFOC
2048 6189.969482142 17.3 HFOC
2049 6187.617769197 17.3 HFOC
2050 6183.894892345 17.3 HFOC
2051 6165.338533426 17.2 HFOC
2052 6156.665780019 17.2 HFOC
2053 6159.394462049 17.2 HFOC
2054 6153.402628230 17.2 HFOC
2055 6150.059574163 17.2 HFOC
2056 6146.548375449 17.2 HFOC
2057 6144.094783678 17.2 HFOC
2058 6138.668976065 17.2 HFOC
2059 6135.204935366 17.2 HFOC
2060 6131.586961027 17.2 HFOC
2061 6126.553275880 17.1 HFOC
2062 6122.083296973 17.1 HFOC
2063 6117.284538332 17.1 HFOC
2064 6112.074595468 17.1 HFOC
2065 6106.437977332 17.1 HFOC
2066 6104.965760060 17.1 HFOC
2067 6100.787477548 17.1 HFOC
2068 6094.732027284 17.0 HFOC
2069 6087.796880758 17.0 HFOC
2070 6082.366544883 17.0 HFOC
2071 6078.216887069 17.0 HFOC
2072 6075.329543066 17.0 HFOC
2073 6074.469986393 17.0 HFOC
2074 6072.626638919 17.0 HFOC
2075 6071.417395016 17.0 HFOC
2076 6070.004863006 17.0 HFOC
2077 6069.619626137 17.0 HFOC
2078 6067.464216921 17.0 HFOC
2079 6065.247726362 17.0 HFOC
2080 6060.580883953 17.0 HFOC
2081 6054.694235252 16.9 HFOC
2082 6052.470144550 16.9 HFOC
2083 6048.664440263 16.9 HFOC
2084 6046.925550139 16.9 HFOC
2085 6048.841382472 16.9 HFOC
2086 6047.896434876 16.9 HFOC
2087 6045.836282424 16.9 HFOC
2088 6037.954480430 16.9 HFOC
2089 6033.245487690 16.9 HFOC
2090 6028.158692565 16.9 HFOC
2091 5902.493488971 16.5 HFOC
2092 5855.819534437 16.4 HFOC
2093 5937.095375218 16.6 HFOC
2094 5651.638871317 15.8 HFOC
2095 5726.162092064 16.0 HFOC
2096 6022.709558871 16.8 HFOC
2097 6023.715223706 16.9 HFOC
2098 6019.224433762 16.8 HFOC
2099 6014.817261139 16.8 HFOC
2100 6012.322282094 16.8 HFOC
2101 6009.089328362 16.8 HFOC
2102 6005.971394176 16.8 HFOC
2103 6002.182399993 16.8 HFOC
2104 5999.295762261 16.8 HFOC
2105 5996.466000365 16.8 HFOC
2106 5993.663830265 16.8 HFOC
2107 5988.950550958 16.8 HFOC
2108 5984.408748024 16.7 HFOC
2109 5981.593105548 16.7 HFOC
2110 5977.859943083 16.7 HFOC
2111 5974.914975041 16.7 HFOC
2112 5971.834847476 16.7 HFOC
2113 5969.120784429 16.7 HFOC
2114 5965.494195119 16.7 HFOC
2115 5962.266302166 16.7 HFOC
2116 5958.405348185 16.7 HFOC
2117 5954.245199711 16.7 HFOC
2118 5950.141911241 16.6 HFOC
2119 5946.041927990 16.6 HFOC
2120 5943.604679549 16.6 HFOC
2121 5942.122239463 16.6 HFOC
2122 5938.727627638 16.6 HFOC
2123 5936.199955785 16.6 HFOC
2124 5933.002371538 16.6 HFOC
2125 5929.382986656 16.6 HFOC
2126 5925.415433746 16.6 HFOC
2127 5923.293140830 16.6 HFOC
2128 5919.890000567 16.6 HFOC
2129 5916.261291412 16.5 HFOC
2130 5913.517560403 16.5 HFOC
2131 5910.061194133 16.5 HFOC
2132 5906.234049645 16.5 HFOC
2133 5902.942492003 16.5 HFOC
2134 5900.495775062 16.5 HFOC
2135 5897.281167154 16.5 HFOC
2136 5894.479976447 16.5 HFOC
2137 5892.235327264 16.5 HFOC
2138 5888.720609872 16.5 HFOC
2139 5880.400495099 16.4 HFOC
2140 5876.174252488 16.4 HFOC
2141 5878.415225385 16.4 HFOC
2142 5875.052296640 16.4 HFOC
2143 5870.629307656 16.4 HFOC
2144 5872.063886407 16.4 HFOC
2145 5868.387872692 16.4 HFOC
2146 5862.108774853 16.4 HFOC
2147 5859.301897554 16.4 HFOC
2148 5854.932303324 16.4 HFOC
2149 5850.809163888 16.4 HFOC
2150 5847.504595179 16.4 HFOC
2151 5845.371426351 16.4 HFOC
2152 5840.622082055 16.3 HFOC
2153 5838.985244406 16.3 HFOC
2154 5836.208338844 16.3 HFOC
2155 5833.679182631 16.3 HFOC
2156 5830.262724677 16.3 HFOC
2157 5826.661663574 16.3 HFOC
2158 5822.507679675 16.3 HFOC
2159 5818.685139348 16.3 HFOC
2160 5815.333009743 16.3 HFOC
2161 5812.326574721 16.3 HFOC
2162 5809.911114059 16.3 HFOC
2163 5807.905822792 16.2 HFOC
2164 5805.234596832 16.2 HFOC
2165 5802.292125805 16.2 HFOC
2166 5797.335080570 16.2 HFOC
2167 5794.395900065 16.2 HFOC
2168 5791.051101482 16.2 HFOC
2169 5786.979207871 16.2 HFOC
2170 5783.047916051 16.2 HFOC
2171 5782.146710520 16.2 HFOC
2172 5780.012356405 16.2 HFOC
2173 5778.665350838 16.2 HFOC
2174 5773.016082384 16.1 HFOC
2175 5769.319485492 16.1 HFOC
2176 5765.755131763 16.1 HFOC
2177 5761.594655749 16.1 HFOC
2178 5757.854836934 16.1 HFOC
2179 5754.745829575 16.1 HFOC
2180 5752.110249844 16.1 HFOC
2181 5748.955987333 16.1 HFOC
2182 5746.095152321 16.1 HFOC
2183 5745.051114088 16.1 HFOC
2184 5741.790884161 16.1 HFOC
2185 5737.875894011 16.1 HFOC
2186 5733.863324314 16.0 HFOC
2187 5732.218096328 16.0 HFOC
2188 5729.584042953 16.0 HFOC
2189 5727.105706103 16.0 HFOC
2190 5724.203269491 16.0 HFOC
2191 5721.938408201 16.0 HFOC
2192 5717.589085073 16.0 HFOC
2193 5712.944145072 16.0 HFOC
2194 5709.204290801 16.0 HFOC
2195 5705.037784940 16.0 HFOC
2196 5694.370126757 15.9 HFOC
2197 5691.359015808 15.9 HFOC
2198 5694.296858892 15.9 HFOC
2199 5693.652101103 15.9 HFOC
2200 5702.603674753 16.0 HFOC
2201 5691.434377592 15.9 HFOC
2202 5685.551510314 15.9 HFOC
2203 5681.917746789 15.9 HFOC
2204 5678.422536777 15.9 HFOC
2205 5676.556011806 15.9 HFOC
2206 5673.662420358 15.9 HFOC
2207 5670.328337344 15.9 HFOC
2208 5667.188923013 15.9 HFOC
2209 5664.258836613 15.8 HFOC
2210 5660.559561473 15.8 HFOC
2211 5656.605674815 15.8 HFOC
2212 5652.483424864 15.8 HFOC
2213 5648.449482754 15.8 HFOC
2214 5645.852563936 15.8 HFOC
2215 5642.979687192 15.8 HFOC
2216 5639.572908549 15.8 HFOC
2217 5637.434863803 15.8 HFOC
2218 5635.112145395 15.8 HFOC
2219 5633.252118535 15.8 HFOC
2220 5629.518220464 15.7 HFOC
2221 5625.566958840 15.7 HFOC
2222 5622.966123052 15.7 HFOC
2223 5619.959919431 15.7 HFOC
2224 5617.659293716 15.7 HFOC
2225 5614.433621707 15.7 HFOC
2226 5610.112445187 15.7 HFOC
2227 5607.014854485 15.7 HFOC
2228 5603.895045149 15.7 HFOC
2229 5600.636598233 15.7 HFOC
2230 5597.802343473 15.7 HFOC
2231 5595.375538791 15.7 HFOC
2232 5592.710852642 15.6 HFOC
2233 5589.059496125 15.6 HFOC
2234 5588.832934200 15.6 HFOC
2235 5589.310766133 15.6 HFOC
2236 5582.819992546 15.6 HFOC
2237 5580.029585105 15.6 HFOC
2238 5576.373087550 15.6 HFOC
2239 5571.397751564 15.6 HFOC
2240 5566.989418288 15.6 HFOC
2241 5563.569848413 15.6 HFOC
2242 5559.988168457 15.6 HFOC
2243 5556.662772788 15.5 HFOC
2244 5554.484079214 15.5 HFOC
2245 5552.652576978 15.5 HFOC
2246 5549.545747059 15.5 HFOC
2247 5545.924990801 15.5 HFOC
2248 5541.492085190 15.5 HFOC
2249 5539.049023958 15.5 HFOC
2250 5533.310933741 15.5 HFOC
2251 5526.356007047 15.5 HFOC
2252 5531.370435460 15.5 HFOC
2253 5529.754114271 15.5 HFOC
2254 5527.177787866 15.5 HFOC
2255 5526.685222195 15.5 HFOC
2256 5525.593701214 15.5 HFOC
2257 5515.447356377 15.4 HFOC
2258 5512.000958596 15.4 HFOC
2259 5508.226976647 15.4 HFOC
2260 5504.412747494 15.4 HFOC
2261 5502.546250080 15.4 HFOC
2262 5499.924929129 15.4 HFOC
2263 5496.957596601 15.4 HFOC
2264 5493.745614518 15.4 HFOC
2265 5494.783186399 15.4 HFOC
2266 5494.371425251 15.4 HFOC
2267 5492.501530042 15.4 HFOC
2268 5490.738860986 15.4 HFOC
2269 5488.261560633 15.4 HFOC
2270 5485.484318681 15.3 HFOC
2271 5483.335817713 15.3 HFOC
2272 5481.708411681 15.3 HFOC
2273 5478.928610973 15.3 HFOC
2274 5475.928029914 15.3 HFOC
2275 5473.083258949 15.3 HFOC
2276 5469.921354668 15.3 HFOC
2277 5467.332495566 15.3 HFOC
2278 5464.328476469 15.3 HFOC
2279 5462.844262387 15.3 HFOC
2280 5459.747209788 15.3 HFOC
2281 5456.932905361 15.3 HFOC
2282 5455.905289730 15.3 HFOC
2283 5453.331002573 15.3 HFOC
2284 5450.101076205 15.2 HFOC
2285 5446.165641805 15.2 HFOC
2286 5443.163558912 15.2 HFOC
2287 5440.508753806 15.2 HFOC
2288 5437.850579604 15.2 HFOC
2289 5435.677105880 15.2 HFOC
2290 5433.959852220 15.2 HFOC
2291 5429.148235064 15.2 HFOC
2292 5427.141876309 15.2 HFOC
2293 5423.912158089 15.2 HFOC
2294 5420.436065735 15.2 HFOC
2295 5414.327170002 15.1 HFOC
2296 5408.285216843 15.1 HFOC
2297 5412.906035051 15.1 HFOC
2298 5411.727896954 15.1 HFOC
2299 5410.794014761 15.1 HFOC
2300 5410.902527877 15.1 HFOC
2301 5404.622125853 15.1 HFOC
2302 5398.394417355 15.1 HFOC
2303 5403.290617720 15.1 HFOC
2304 5405.111070619 15.1 HFOC
2305 5399.653457982 15.1 HFOC
2306 5392.441468955 15.1 HFOC
2307 5391.882537537 15.1 HFOC
2308 5395.159020964 15.1 HFOC
2309 5395.853280067 15.1 HFOC
2310 5385.892201946 15.1 HFOC
2311 5380.734332798 15.1 HFOC
2312 5373.232887835 15.0 HFOC
2313 5368.213968711 15.0 HFOC
2314 5360.552223369 15.0 HFOC
2315 5356.080394984 15.0 HFOC
2316 5354.450796713 15.0 HFOC
2317 5241.685725683 14.7 HFOC
2318 790.888227353 2.2 HFOC
2319 2129.298809973 6.0 HFOC
2320 4262.217011807 11.9 HFOC
2321 5096.287808466 14.3 HFOC
2322 3542.954607553 9.9 HFOC
2323 1312.632788025 3.7 HFOC
2324 2597.934767622 7.3 HFOC
2325 1373.501636647 3.8 HFOC
2326 2163.669706602 6.1 HFOC
2327 4224.577120831 11.8 HFOC
2328 5108.841389088 14.3 HFOC
2329 3648.025148968 10.2 HFOC
2330 1387.408346407 3.9 HFOC
2331 3365.631454198 9.4 HFOC
2332 5318.383818415 14.9 HFOC
2333 5321.996570826 14.9 HFOC
2334 5320.911197981 14.9 HFOC
2335 5317.447204636 14.9 HFOC
2336 5317.825202943 14.9 HFOC
2337 5315.453278632 14.9 HFOC
2338 5314.876220015 14.9 HFOC
2339 5313.668040138 14.9 HFOC
2340 5312.673583422 14.9 HFOC
2341 5311.143129421 14.9 HFOC
2342 5308.749792754 14.9 HFOC
2343 5307.373125294 14.8 HFOC
2344 5304.870805324 14.8 HFOC
2345 5302.282976861 14.8 HFOC
2346 5300.484688183 14.8 HFOC
