1 188.79
2 194.50
3 196.99
4 197.46
5 198.02
6 206.17
7 214.41
8 210.46
9 219.81
10 235.68
11 241.73
12 233.80
13 239.76
14 264.25
15 287.55
16 269.27
17 268.97
18 294.54
19 327.23
20 275.96
21 263.01
22 262.58
23 269.87
24 269.96
25 309.34
26 312.73
27 379.39
28 299.90
29 827183.25
30 1595220.25
31 1614995.03
32 1555370.15
33 1379943.85
34 1561516.47
35 1526694.60
36 1688554.13
37 1685545.00
38 1659285.09
39 1460633.84
40 337807.69
41 842238.50
42 1479312.82
43 1555476.11
44 1154600.62
45 469616.66
46 1008010.57
47 204800.88
48 558292.57
49 1290248.97
50 1557685.62
51 1000256.07
52 329384.89
53 1172745.09
54 1633773.58
55 1654369.94
56 1606803.92
57 1626832.99
58 1624863.71
59 1620010.38
60 1637099.17
61 1611237.49
62 1607111.33
63 1592821.98
64 1596888.34
65 1572958.75
66 1443434.02
67 1491643.43
68 1481407.46
69 1642150.86
70 1637820.94
71 1637883.95
72 1636552.74
73 1635117.66
74 1633401.26
75 1634475.39
76 1639964.09
77 1614404.66
78 1609332.12
79 1583370.31
80 1606026.52
81 1584111.08
82 1628730.17
83 1626162.62
84 1597356.88
85 1594881.61
86 1615860.54
87 1612117.59
88 1610764.02
89 1610418.43
90 1608434.26
91 1584551.81
92 1606020.34
93 1580757.68
94 1556058.15
95 1596194.64
96 1593574.29
97 1592298.88
98 1590948.40
99 1589306.56
100 1568533.07
101 1610515.81
102 1583892.00
103 1602997.60
104 1600653.05
105 1598433.45
106 1596098.55
107 1595090.82
108 1593560.86
109 1591603.37
110 1588708.18
111 1565123.57
112 1583124.85
113 1578450.02
114 1574168.01
115 1541136.15
116 1526434.38
117 1525446.91
118 1427363.93
119 1468350.45
120 1435789.48
121 1599010.69
122 1573130.56
123 1595422.38
124 1570777.72
125 1548580.91
126 1569481.12
127 1590654.81
128 1593364.39
129 1592980.41
130 1591048.10
131 1590199.40
132 1588728.77
133 1588082.42
134 1587311.41
135 1563893.59
136 1585286.10
137 1583464.56
138 1582606.55
139 1580927.04
140 1558156.77
141 1579838.80
142 1579023.78
143 1576100.18
144 1573103.66
145 1571579.70
146 1570304.72
147 1572396.87
148 1572343.59
149 1550305.55
150 1572599.13
151 1572780.94
152 1571289.41
153 1547937.10
154 1547536.51
155 1568344.19
156 1567675.75
157 1544530.81
158 1543381.31
159 1564390.91
160 1539672.03
161 1559258.44
162 1557973.51
163 1514269.91
164 1556683.43
165 1555238.67
166 1553936.66
167 1553839.76
168 1550058.37
169 1548825.86
170 1547363.93
171 1546937.44
172 1524446.95
173 1546508.59
174 1545893.60
175 1544746.11
176 1542886.95
177 1541544.66
178 1539315.55
179 1539767.86
180 1540527.46
181 1515874.09
182 1537673.62
183 1537221.69
184 1535866.32
185 1535353.60
186 1534464.19
187 1531289.60
188 1528424.73
189 1531638.36
190 1509599.24
191 1529589.76
192 1508531.72
193 1526690.87
194 1525315.59
195 1523811.33
196 1521384.88
197 1519987.51
198 1517884.98
199 1515545.88
200 1514550.08
201 1492236.20
202 1513965.21
203 1513558.57
204 1514140.06
205 1513056.24
206 1512699.88
207 1511878.08
208 1510862.68
209 1509771.14
210 1487324.83
211 1486566.56
212 1486219.77
213 1504801.34
214 1485633.14
215 1505240.23
216 1502926.26
217 1501879.03
218 1480015.50
219 1500648.45
220 1500050.66
221 1500113.25
222 1477605.26
223 1498265.20
224 1498158.68
225 1497845.91
226 1495687.10
227 1495703.06
228 1494326.54
229 1493350.74
230 1470678.58
231 1490331.99
232 1466603.59
233 1485159.12
234 1484134.71
235 1483453.74
236 1461680.38
237 1482433.07
238 1482146.76
239 1460008.04
240 1480066.93
241 1457906.63
242 1477502.05
243 1477680.29
244 1456168.52
245 1477424.79
246 1475608.82
247 1474502.22
248 1453623.24
249 1474338.01
250 1473370.09
251 1471360.31
252 1470471.81
253 1451749.75
254 1449029.53
255 1407778.08
256 1448889.64
257 1467834.17
258 1445975.61
259 1466567.43
260 1465739.79
261 1463770.51
262 1462812.76
263 1441809.86
264 1460350.45
265 1456789.09
266 1454871.24
267 1451690.42
268 1450181.87
269 1448456.67
270 1447159.86
271 1446291.43
272 1445970.89
273 1444285.47
274 1440365.47
275 1393348.63
276 1415428.71
277 1297399.93
278 1404810.13
279 1403906.65
280 1458579.66
281 1457818.69
282 1455846.36
283 1454557.78
284 1453410.64
285 1451774.50
286 1451630.58
287 1455796.90
288 1435005.26
289 1454593.86
290 1453207.52
291 1451821.52
292 1452571.47
293 1453067.11
294 1451856.35
295 1450525.82
296 1429705.02
297 1448954.42
298 1448152.14
299 1446394.26
300 1404162.49
301 1402812.49
302 1442372.25
303 1439476.75
304 1439423.69
305 1440387.57
306 1438970.30
307 1437317.30
308 1436188.52
309 1415729.99
310 1435051.37
311 1413786.01
312 1411883.44
313 1431830.84
314 1430842.76
315 1429441.58
316 1427969.10
317 1426560.24
318 1424998.49
319 1403771.39
320 1403275.87
321 1422915.09
322 1424156.95
323 1406517.00
324 1404914.93
325 1424634.84
326 1423604.34
327 1422557.41
328 1421002.43
329 1419617.08
330 1398452.57
331 1417527.25
332 1416695.63
333 1415581.52
334 1415174.46
335 1414021.65
336 1373389.65
337 1391816.27
338 1410315.21
339 1409974.17
340 1389353.18
341 1408249.49
342 1407702.49
343 1406722.79
344 1406098.92
345 1404943.71
346 1403937.28
347 1403396.16
348 1402255.84
349 1380955.82
350 1399998.88
351 1398377.59
352 1396923.17
353 1376602.77
354 1394696.79
355 1394240.61
356 1393802.32
357 1391858.52
358 1390804.21
359 1370455.33
360 1369493.25
361 1388285.70
362 1387997.68
363 1388124.02
364 1386915.32
365 1391434.51
366 1389766.33
367 1387532.71
368 1365803.02
369 1384624.38
370 1383288.06
371 1382902.79
372 1381810.01
373 1380633.22
374 1341157.84
375 1359720.49
376 1377993.31
377 1376942.61
378 1376574.41
379 1375525.55
380 1375233.93
381 1374495.14
382 1373707.18
383 1353677.42
384 1371577.03
385 1370560.90
386 1368663.51
387 1368193.14
388 1348354.83
389 1366706.16
390 1368124.11
391 1364976.41
392 1364639.11
393 1325507.98
394 1361934.33
395 1343254.45
396 1361620.28
397 1361370.44
398 1338878.79
399 1355515.01
400 1353490.34
401 1352350.88
402 1350872.01
403 1334515.40
404 1353125.02
405 1354296.01
406 1355301.16
407 1353822.84
408 1352867.89
409 1352770.38
410 1352448.81
411 1332206.58
412 1350409.35
413 1349346.80
414 1349638.81
415 1329761.29
416 1347387.13
417 1346375.25
418 1345058.14
419 1343919.02
420 1342623.84
421 1341416.99
422 1339843.14
423 1288977.04
424 1296853.06
425 1321179.13
426 1229588.32
427 1287752.56
428 1341289.75
429 1342173.54
430 1341177.74
431 1340320.34
432 1302135.76
433 1320522.01
434 1339129.18
435 1318533.72
436 1336801.66
437 1335929.97
438 1333744.52
439 1333106.58
440 1332119.88
441 1331606.94
442 1311854.17
443 1310319.02
444 1329001.27
445 1328347.33
446 1312582.37
447 1330999.89
448 1330160.03
449 1310600.30
450 1328640.54
451 1327574.82
452 1307782.41
453 1325942.75
454 1325310.82
455 1323612.22
456 1322420.34
457 1321635.82
458 1321453.03
459 1283752.90
460 1320608.41
461 1319272.13
462 1318766.66
463 1317550.58
464 1316565.73
465 1315681.77
466 1315002.82
467 1295268.15
468 1313900.33
469 1312995.52
470 1311856.92
471 1311355.70
472 1292307.83
473 1310190.11
474 1306227.78
475 1307859.20
476 1289107.75
477 1306177.16
478 1306764.56
479 1304887.55
480 1304192.60
481 1303424.25
482 1283533.52
483 1301073.73
484 1300567.96
485 1281915.19
486 1286506.15
487 1303125.34
488 1301750.62
489 1300063.48
490 1299950.06
491 1298547.07
492 1297954.90
493 1296988.37
494 1278165.20
495 1295825.57
496 1294822.78
497 1276109.69
498 1294035.17
499 1292583.54
500 1291894.46
501 1273315.39
502 1289916.34
503 1288629.27
504 1288320.23
505 1287740.16
506 1286707.17
507 1285828.06
508 1284786.41
509 1266592.43
510 1284144.48
511 1281319.89
512 1281299.77
513 1281688.00
514 1262769.43
515 1262131.44
516 1279598.47
517 1278570.37
518 1278154.73
519 1277098.32
520 1275776.07
521 1274792.80
522 1256691.44
523 1273887.82
524 1272904.98
525 1254308.40
526 1253318.66
527 1264085.07
528 1262742.19
529 1261270.73
530 1262247.70
531 1266944.62
532 1265833.99
533 1265140.37
534 1264544.47
535 1249087.82
536 1268410.88
537 1267511.69
538 1266457.21
539 1265190.21
540 1264100.90
541 1263535.50
542 1262645.41
543 1244340.28
544 1261042.13
545 1261106.74
546 1259540.69
547 1240112.36
548 1258390.16
549 1258058.48
550 1257314.96
551 1238732.11
552 1256117.93
553 1255193.95
554 1253624.18
555 1253299.69
556 1252142.09
557 1251331.48
558 1250296.44
559 1248994.43
560 1249076.84
561 1248799.25
562 1248058.48
563 1247319.09
564 1229460.27
565 1246171.77
566 1244637.13
567 1244551.98
568 1243560.95
569 1242808.17
570 1241947.85
571 1241012.92
572 1223013.27
573 1239475.58
574 1238760.47
575 1238685.91
576 1241115.97
577 1240099.11
578 1239610.11
579 1238330.89
580 1237986.54
581 1219674.94
582 1236589.01
583 1235408.45
584 1217138.71
585 1234539.20
586 1233849.27
587 1233541.99
588 1232769.87
589 1231609.34
590 1230126.61
591 1229007.87
592 1228083.80
593 1211043.65
594 1228016.83
595 1209991.62
596 1226921.30
597 1225785.91
598 1225529.94
599 1222967.54
600 1224412.96
601 1223623.50
602 1223240.85
603 1221777.12
604 1203286.84
605 1218915.81
606 1218002.59
607 1217440.80
608 1217249.99
609 1216794.37
610 1214998.05
611 1212371.01
612 1197648.56
613 1214271.40
614 1195334.94
615 1212931.81
616 1210626.38
617 1210235.92
618 1208902.86
619 1207732.12
620 1174784.99
621 1211875.36
622 1210338.88
623 1175062.45
624 1208110.87
625 1206562.16
626 1205679.40
627 1189406.11
628 1206104.87
629 1205399.54
630 1205084.32
631 1186287.79
632 1202439.65
633 1139579.48
634 1168767.10
635 1121892.98
636 1159058.04
637 1163765.47
638 1197999.86
639 1197060.43
640 1196139.32
641 1194662.46
642 1193773.40
643 1192566.80
644 1192116.33
645 1191298.69
646 1175391.18
647 1191753.88
648 1190451.06
649 1190364.41
650 1172559.73
651 1188454.41
652 1187657.06
653 1186664.22
654 1186483.97
655 1184866.10
656 1184832.04
657 1183645.57
658 1183011.36
659 1167052.46
660 1183334.85
661 1183143.70
662 1181299.89
663 1180419.79
664 1179374.45
665 1178431.93
666 1177625.83
667 1161259.15
668 1163976.02
669 1181633.47
670 1179334.13
671 1178401.39
672 1176756.89
673 1174571.05
674 1174893.78
675 1173265.79
676 1172847.06
677 1157045.52
678 1170735.53
679 1170204.32
680 1169804.21
681 1169355.92
682 1168528.59
683 1167893.14
684 1167241.64
685 1150991.42
686 1168738.06
687 1168108.74
688 1166549.31
689 1165589.29
690 1163426.11
691 1163127.62
692 1161751.27
693 1160796.88
694 1144407.71
695 1160011.24
696 1157394.96
697 1157291.45
698 1156720.43
699 1154839.82
700 1155055.81
701 1154416.67
702 1153761.62
703 1137327.84
704 1138054.14
705 1154386.94
706 1151844.15
707 1150521.00
708 1148891.08
709 1147008.67
710 1134085.03
711 1150479.90
712 1149361.68
713 1149384.71
714 1147281.67
715 1146604.31
716 1150521.13
717 1148403.85
718 1147312.60
719 1131822.58
720 1145594.44
721 1144582.00
722 1128076.80
723 1127321.92
724 1142495.82
725 1141645.84
726 1140244.10
727 1139494.79
728 1139153.45
729 1138628.98
730 1137926.14
731 1106706.42
732 1138600.92
733 1138306.26
734 1137725.93
735 1119499.95
736 1119375.97
737 1134759.09
738 1116881.44
739 1116808.69
740 1132097.13
741 1130850.55
742 1130691.10
743 1130487.20
744 1130376.53
745 1129880.07
746 1112696.30
747 1129784.75
748 1129303.82
749 1127417.07
750 1110675.36
751 1110195.89
752 1124257.40
753 1123275.81
754 1121609.00
755 1120228.96
756 1119327.28
757 1116700.16
758 1117968.74
759 1116981.05
760 1116459.11
761 1115838.37
762 1115535.81
763 1116591.11
764 1117831.73
765 1116146.34
766 1100390.27
767 1117267.66
768 1101299.88
769 1109858.20
770 1102821.61
771 1102423.81
772 1101148.36
773 1098799.47
774 1085825.00
775 1112071.74
776 1110339.39
777 1109730.36
778 1109682.61
779 1093889.90
780 1108825.68
781 1106736.88
782 1106320.34
783 1105411.16
784 1105531.44
785 1090602.36
786 1106648.21
787 1105848.76
788 1105130.86
789 1103235.02
790 1102287.14
791 1100825.90
792 1100545.09
793 1099151.92
794 1098080.97
795 1083722.00
796 1098016.49
797 1098041.80
798 1097453.93
799 1081808.14
800 1096277.27
801 1096330.85
802 1094924.95
803 1093982.09
804 1093006.80
805 1092894.32
806 1092037.86
807 1090661.69
808 1074404.22
809 1088248.06
810 1087327.17
811 1085975.45
812 1085547.62
813 1084470.66
814 1087719.13
815 1089036.53
816 1087292.21
817 1071896.39
818 1087475.98
819 1086703.99
820 1084505.07
821 1082872.36
822 1082440.03
823 1081974.33
824 1080249.95
825 1079706.78
826 1063441.97
827 1063822.91
828 1077847.74
829 1076634.45
830 1061332.07
831 1076826.42
832 1076278.78
833 1075873.31
834 1075324.34
835 1075257.55
836 1074992.61
837 1072445.19
838 1071270.46
839 1071056.14
840 1054478.14
841 1068704.51
842 1066577.49
843 1065707.73
844 1064629.87
845 1064445.40
846 1062298.86
847 1062044.35
848 1061909.65
849 1046129.08
850 1049920.55
851 1064047.48
852 1048292.61
853 1064072.70
854 1063175.70
855 1046824.12
856 1061619.87
857 1060361.88
858 1058201.01
859 1057150.18
860 1056111.70
861 1056445.71
862 1059125.77
863 1058227.31
864 1057675.04
865 1057027.49
866 1056575.43
867 1041435.89
868 1056974.64
869 1040981.43
870 1055392.04
871 1054892.45
872 1053148.25
873 1052185.70
874 1051315.17
875 1036387.37
876 1050411.60
877 1047945.73
878 1049769.12
879 1049201.62
880 1048949.38
881 1048678.30
882 1032004.38
883 1047502.64
884 1047608.85
885 1045970.70
886 1046022.65
887 1045269.74
888 1043695.16
889 1043133.50
890 1042514.82
891 1041563.68
892 1025825.20
893 1040924.89
894 1040710.74
895 1039387.63
896 1037775.43
897 1036277.04
898 1035262.71
899 1035393.76
900 1034376.65
901 1020379.96
902 1034222.26
903 1034075.46
904 1033319.12
905 1032697.66
906 1032247.10
907 1016770.50
908 1031998.85
909 1016717.18
910 1030290.34
911 1013535.38
912 1027252.46
913 1026709.84
914 1028056.89
915 1015723.23
916 1029006.27
917 1028483.81
918 1028762.73
919 1027581.15
920 1027329.29
921 1026315.99
922 1026120.03
923 1025380.56
924 1011236.68
925 1025035.53
926 1024168.04
927 1024004.17
928 1022506.76
929 1021107.30
930 1005989.89
931 1020484.41
932 1005987.19
933 1018749.23
934 1018448.55
935 1004243.59
936 1018167.27
937 1016901.21
938 1015319.26
939 1014760.12
940 1014549.92
941 1014558.03
942 1014021.16
943 999483.52
944 1014631.94
945 1013158.61
946 969461.78
947 998726.45
948 965298.51
949 950351.67
950 985801.70
951 1008367.69
952 1012905.93
953 1000277.01
954 1013806.24
955 998725.51
956 1013358.12
957 1012917.17
958 1012809.41
959 1011839.83
960 1011032.79
961 1010108.72
962 1009315.79
963 1007667.34
964 1007617.32
965 1010411.96
966 996209.45
967 1010177.48
968 1009509.90
969 994933.95
970 1007182.63
971 1006842.45
972 1005852.44
973 1005010.70
974 1004681.58
975 1004407.38
976 1003696.47
977 988545.90
978 1003713.33
979 1002319.52
980 1001315.75
981 1000333.81
982 1000011.38
983 999589.91
984 999203.52
985 998678.41
986 983892.00
987 996076.12
988 995335.61
989 994916.11
990 994077.06
991 993141.93
992 992612.73
993 991189.93
994 991306.74
995 990270.88
996 989740.74
997 989281.13
998 988793.29
999 988182.38
1000 975169.39
1001 989883.29
1002 989121.85
1003 988882.22
1004 987985.43
1005 987560.01
1006 987004.82
1007 985259.30
1008 984407.77
1009 971439.39
1010 971099.42
1011 983365.56
1012 982039.27
1013 981644.18
1014 980843.27
1015 980350.16
1016 965002.73
1017 982854.60
1018 983099.93
1019 981775.45
1020 980434.71
1021 979576.57
1022 979023.32
1023 978435.31
1024 977970.38
1025 965058.16
1026 978320.82
1027 978055.96
1028 976841.94
1029 976410.47
1030 975195.34
1031 973747.18
1032 972628.83
1033 971866.44
1034 971644.74
1035 971077.93
1036 970822.51
1037 970351.49
1038 969355.31
1039 956024.96
1040 969643.54
1041 968417.13
1042 967401.08
1043 966708.58
1044 965872.15
1045 951694.73
1046 964646.80
1047 963659.63
1048 963651.87
1049 963270.55
1050 962410.39
1051 962933.62
1052 961306.97
1053 961136.49
1054 960827.66
1055 960288.86
1056 946942.55
1057 960244.81
1058 959529.57
1059 958816.08
1060 958786.14
1061 958158.15
1062 956735.95
1063 955595.89
1064 954704.55
1065 941254.47
1066 955084.33
1067 954155.15
1068 952999.65
1069 952495.85
1070 954058.63
1071 954305.72
1072 953441.46
1073 952968.55
1074 939197.54
1075 952569.94
1076 951890.73
1077 950323.40
1078 949874.81
1079 948862.50
1080 948805.92
1081 948318.85
1082 946515.71
1083 934257.90
1084 946283.25
1085 919672.73
1086 946440.94
1087 944884.30
1088 931726.52
1089 944725.14
1090 943999.91
1091 942854.91
1092 942291.14
1093 941515.12
1094 941251.08
1095 928158.21
1096 940920.42
1097 940128.90
1098 939377.41
1099 938015.74
1100 937261.46
1101 935574.32
1102 936829.35
1103 936404.14
1104 922751.66
1105 935970.40
1106 935263.01
1107 934018.27
1108 933624.59
1109 933010.08
1110 932630.86
1111 931623.18
1112 931099.78
1113 917588.74
1114 931483.59
1115 929511.43
1116 929207.24
1117 928208.01
1118 927669.34
1119 926717.64
1120 913192.32
1121 927292.05
1122 927144.31
1123 929586.67
1124 928515.64
1125 928192.35
1126 926874.22
1127 925802.07
1128 924827.16
1129 925104.76
1130 911898.25
1131 925634.16
1132 924098.84
1133 923252.07
1134 922322.94
1135 921206.77
1136 921009.83
1137 920378.79
1138 919583.50
1139 905945.83
1140 919560.30
1141 919906.66
1142 919134.70
1143 918591.35
1144 917920.68
1145 916227.32
1146 915458.89
1147 915365.15
1148 914694.78
1149 902258.26
1150 913646.22
1151 912552.41
1152 910828.46
1153 910381.20
1154 910245.21
1155 909643.35
1156 909590.84
1157 909840.72
1158 896836.44
1159 910551.81
1160 907780.67
1161 907858.57
1162 895341.40
1163 907812.46
1164 907017.17
1165 906904.43
1166 905607.02
1167 904725.67
1168 903355.46
1169 902307.97
1170 901761.92
1171 901749.01
1172 875794.11
1173 901801.00
1174 901141.44
1175 899539.75
1176 898870.29
1177 897412.61
1178 899439.67
1179 899475.41
1180 898340.92
1181 897656.40
1182 896971.91
1183 896773.25
1184 895899.50
1185 895209.78
1186 894508.31
1187 893657.51
1188 893551.85
1189 892941.71
1190 880378.38
1191 893507.54
1192 893163.28
1193 893052.22
1194 892338.82
1195 891925.67
1196 890907.82
1197 891064.70
1198 890505.65
1199 890209.91
1200 877592.83
1201 889324.92
1202 888529.42
1203 887152.95
1204 887023.48
1205 886511.92
1206 885708.69
1207 885385.11
1208 884594.76
1209 883249.13
1210 884332.61
1211 883011.00
1212 883246.68
1213 881706.25
1214 867664.90
1215 878285.55
1216 876987.53
1217 876866.43
1218 864494.98
1219 880625.60
1220 879928.72
1221 879075.52
1222 878157.41
1223 876944.16
1224 876003.32
1225 875346.04
1226 875284.52
1227 874741.39
1228 873937.60
1229 873376.58
1230 873060.08
1231 872382.46
1232 869295.20
1233 871618.83
1234 872421.07
1235 871465.98
1236 858282.51
1237 832488.30
1238 835784.34
1239 824093.17
1240 813641.93
1241 827204.27
1242 870036.53
1243 871380.36
1244 858004.40
1245 868410.43
1246 867397.77
1247 867481.81
1248 867370.19
1249 870631.01
1250 902513.16
1251 928495.77
1252 928510.70
1253 927823.86
1254 917411.10
1255 929752.78
1256 927161.04
1257 926823.13
1258 926185.75
1259 925514.05
1260 924461.11
1261 923752.65
1262 923274.64
1263 910183.18
1264 922553.86
1265 921150.96
1266 920549.27
1267 920173.31
1268 918995.88
1269 918436.88
1270 917749.39
1271 916619.02
1272 902370.73
1273 916928.36
1274 914965.56
1275 914123.17
1276 912717.69
1277 912226.98
1278 912127.37
1279 910373.13
1280 910284.29
1281 909851.36
1282 897788.35
1283 910125.14
1284 909105.71
1285 908887.27
1286 907765.01
1287 907431.26
1288 906043.59
1289 904896.54
1290 904112.70
1291 903516.37
1292 903251.52
1293 902651.63
1294 902036.30
1295 901516.37
1296 901183.23
1297 888256.59
1298 901210.47
1299 900788.22
1300 898903.83
1301 898238.22
1302 897722.97
1303 897229.52
1304 896247.92
1305 895481.67
1306 894746.23
1307 893666.39
1308 893651.21
1309 893186.71
1310 892100.91
1311 891642.33
1312 891124.59
1313 890528.69
1314 890111.33
1315 889686.47
1316 889081.43
1317 887282.54
1318 888407.46
1319 888035.49
1320 886083.19
1321 885465.25
1322 883737.39
1323 860015.85
1324 884778.19
1325 884660.22
1326 882752.97
1327 882061.40
1328 881353.33
1329 880656.96
1330 879975.22
1331 868657.09
1332 879988.05
1333 878939.14
1334 878512.57
1335 877320.47
1336 877202.41
1337 876520.42
1338 875703.03
1339 874442.39
1340 873910.40
1341 873347.80
1342 872894.40
1343 872290.31
1344 871793.16
1345 871214.98
1346 871204.64
1347 870204.47
1348 869884.45
1349 856433.81
1350 867328.54
1351 867031.42
1352 866278.86
1353 865888.02
1354 864933.19
1355 864325.23
1356 863922.59
1357 863070.76
1358 861999.77
1359 849668.25
1360 864674.34
1361 864176.46
1362 863523.17
1363 862664.22
1364 862052.62
1365 861822.77
1366 860868.41
1367 860128.46
1368 859586.36
1369 846746.80
1370 859318.11
1371 857261.53
1372 858394.86
1373 856343.68
1374 843720.59
1375 855398.12
1376 852264.67
1377 851846.41
1378 851629.77
1379 850867.90
1380 851011.52
1381 849976.61
1382 836761.09
1383 848833.20
1384 847673.49
1385 847440.89
1386 846828.26
1387 846158.32
1388 845790.26
1389 844859.67
1390 844208.09
1391 843582.20
1392 842334.12
1393 830221.82
1394 843875.50
1395 843206.16
1396 831136.11
1397 842244.21
1398 841787.30
1399 840798.37
1400 840709.95
1401 839799.95
1402 839488.51
1403 839049.79
1404 827311.09
1405 839319.67
1406 838663.07
1407 837751.35
1408 836401.47
1409 835668.86
1410 835105.22
1411 834663.58
1412 834433.82
1413 833881.59
1414 832699.02
1415 832075.19
1416 832088.32
1417 820361.37
1418 831183.64
1419 830500.31
1420 830225.51
1421 829553.94
1422 829185.14
1423 828522.62
1424 827994.76
1425 827133.79
1426 826052.72
1427 823855.60
1428 825466.04
1429 814104.03
1430 825441.80
1431 825452.31
1432 823467.59
1433 823990.77
1434 823151.43
1435 823139.84
1436 822821.62
1437 810555.75
1438 821365.06
1439 820990.09
1440 820276.22
1441 819975.37
1442 818495.00
1443 817561.23
1444 816669.98
1445 815979.11
1446 805018.45
1447 816390.24
1448 815809.62
1449 814833.55
1450 813933.21
1451 814256.40
1452 813300.20
1453 813107.12
1454 801014.46
1455 811669.60
1456 810977.78
1457 810744.24
1458 809820.39
1459 808812.62
1460 807785.38
1461 807693.28
1462 806981.38
1463 796286.99
1464 808055.21
1465 808022.22
1466 807021.06
1467 806461.76
1468 806156.41
1469 805357.13
1470 794246.33
1471 805187.42
1472 804746.34
1473 793617.48
1474 803892.84
1475 803331.69
1476 802439.75
1477 802535.80
1478 801685.52
1479 800740.68
1480 799577.59
1481 786423.41
1482 800722.15
1483 799822.15
1484 799719.96
1485 798792.85
1486 798817.39
1487 796575.53
1488 796237.70
1489 795928.32
1490 795730.26
1491 794921.93
1492 794800.70
1493 794199.31
1494 793190.69
1495 792765.35
1496 792491.02
1497 791320.63
1498 791073.02
1499 779060.58
1500 778666.31
1501 790840.90
1502 790866.25
1503 790349.63
1504 789851.32
1505 789018.45
1506 787732.24
1507 787244.74
1508 786666.82
1509 775224.76
1510 786428.43
1511 785657.98
1512 784025.45
1513 783283.57
1514 783296.09
1515 782586.34
1516 771175.17
1517 781981.86
1518 781654.64
1519 781350.23
1520 780613.88
1521 780135.31
1522 779990.49
1523 779429.04
1524 779023.61
1525 767885.26
1526 779271.13
1527 778721.09
1528 778033.60
1529 776934.72
1530 776241.49
1531 775603.76
1532 775042.65
1533 773929.75
1534 764290.01
1535 775620.88
1536 774827.69
1537 774048.19
1538 773109.70
1539 772337.07
1540 772293.01
1541 771640.53
1542 770657.60
1543 770060.24
1544 769352.85
1545 757628.48
1546 768053.85
1547 757174.83
1548 766612.43
1549 766703.93
1550 755638.95
1551 766704.19
1552 766751.72
1553 766283.96
1554 765645.33
1555 765140.17
1556 764464.73
1557 764574.85
1558 764013.49
1559 753386.10
1560 753390.39
1561 763330.08
1562 752098.04
1563 762241.75
1564 761313.13
1565 760725.08
1566 760429.82
1567 759984.70
1568 759593.60
1569 759108.94
1570 758872.57
1571 742603.60
1572 750874.42
1573 749942.67
1574 756287.91
1575 756298.16
1576 755829.50
1577 744470.66
1578 754306.19
1579 753358.44
1580 752602.18
1581 753182.47
1582 752871.37
1583 752044.64
1584 751577.65
1585 750833.88
1586 740525.96
1587 751510.30
1588 751223.35
1589 750722.99
1590 750280.02
1591 749707.80
1592 749360.45
1593 748414.89
1594 747389.75
1595 746153.08
1596 736609.22
1597 747207.22
1598 746125.93
1599 745281.61
1600 745007.02
1601 744462.90
1602 743272.60
1603 743160.94
1604 742997.15
1605 731470.79
1606 740717.76
1607 740153.34
1608 739845.46
1609 739402.33
1610 738981.41
1611 738402.93
1612 737964.08
1613 737215.03
1614 736550.67
1615 736338.71
1616 736369.90
1617 735695.84
1618 725572.04
1619 737082.39
1620 736502.06
1621 736429.48
1622 735934.22
1623 735704.12
1624 734514.59
1625 734361.70
1626 733136.14
1627 732330.52
1628 722825.39
1629 731773.78
1630 731359.86
1631 731083.04
1632 720553.21
1633 731054.51
1634 730488.81
1635 730614.42
1636 730257.42
1637 729321.59
1638 728746.54
1639 728519.31
1640 728737.75
1641 717808.54
1642 728170.55
1643 727283.37
1644 726894.46
1645 725531.63
1646 725131.43
1647 723961.72
1648 714725.83
1649 724650.67
1650 723710.43
1651 722836.50
1652 722931.74
1653 722487.53
1654 722075.70
1655 721487.57
1656 721190.16
1657 709073.26
1658 721684.22
1659 720937.40
1660 720773.44
1661 719138.12
1662 716478.82
1663 715211.14
1664 715579.93
1665 715836.08
1666 715422.75
1667 706577.96
1668 716229.15
1669 714361.28
1670 714195.22
1671 713685.76
1672 713646.60
1673 713125.30
1674 689374.50
1675 693519.33
1676 664336.72
1677 690376.22
1678 701336.83
1679 703197.07
1680 714080.34
1681 713641.92
1682 713369.35
1683 713423.61
1684 713534.89
1685 712039.03
1686 711987.42
1687 711380.89
1688 710377.28
1689 699390.20
1690 709066.19
1691 708628.71
1692 708224.27
1693 707461.24
1694 707698.89
1695 707195.57
1696 706754.83
1697 705829.82
1698 706089.70
1699 696574.15
1700 696337.87
1701 705920.08
1702 705687.53
1703 705311.99
1704 704563.16
1705 703956.88
1706 703187.98
1707 703273.86
1708 702960.23
1709 702050.57
1710 692563.38
1711 701284.24
1712 700822.61
1713 700786.58
1714 690885.16
1715 699893.14
1716 699077.73
1717 699174.72
1718 698140.49
1719 698013.85
1720 697610.78
1721 697256.83
1722 697057.74
1723 696594.61
1724 686390.81
1725 696473.77
1726 696118.87
1727 695713.14
1728 695196.00
1729 694522.80
1730 694431.98
1731 694301.10
1732 693803.01
1733 693865.81
1734 683322.77
1735 691977.09
1736 691358.46
1737 690811.29
1738 689967.91
1739 689360.86
1740 689072.59
1741 688579.43
1742 688163.79
1743 688001.76
1744 677923.05
1745 690063.23
1746 709557.28
1747 724452.22
1748 724003.16
1749 723644.02
1750 723095.57
1751 722707.81
1752 722153.14
1753 721534.42
1754 721994.54
1755 721043.92
1756 720175.79
1757 720026.07
1758 719419.19
1759 718607.00
1760 718219.07
1761 717351.41
1762 717346.78
1763 716615.28
1764 716517.86
1765 715742.82
1766 715048.60
1767 714131.48
1768 714638.49
1769 714279.69
1770 713319.84
1771 713024.19
1772 712531.89
1773 711585.68
1774 711323.27
1775 710726.05
1776 700938.78
1777 710754.36
1778 709685.34
1779 708947.66
1780 709363.13
1781 708688.25
1782 709111.96
1783 708347.56
1784 707959.67
1785 687314.02
1786 706714.85
1787 706632.23
1788 705467.80
1789 704962.85
1790 704188.66
1791 703819.44
1792 703088.50
1793 702181.84
1794 701828.10
1795 691901.38
1796 701878.94
1797 700872.68
1798 700661.62
1799 700298.57
1800 700200.72
1801 698980.48
1802 698922.35
1803 698673.33
1804 697937.97
1805 687950.80
1806 697110.29
1807 697194.89
1808 696076.44
1809 695414.27
1810 693218.48
1811 692177.26
1812 692336.02
1813 692239.24
1814 691833.04
1815 682087.90
1816 691887.44
1817 691470.08
1818 690437.26
1819 689236.97
1820 688906.10
1821 688080.01
1822 687667.41
1823 687310.29
1824 686937.54
1825 686319.38
1826 686322.34
1827 685924.93
1828 685111.37
1829 684327.79
1830 683668.19
1831 683138.44
1832 682690.62
1833 682157.10
1834 681809.84
1835 672877.23
1836 681612.20
1837 681391.11
1838 680604.18
1839 680170.53
1840 679971.95
1841 679644.64
1842 679412.64
1843 679000.09
1844 678644.47
1845 668946.90
1846 677942.87
1847 677398.44
1848 676697.36
1849 667365.63
1850 676440.74
1851 675721.21
1852 675438.04
1853 674926.39
1854 674632.07
1855 674066.63
1856 673389.01
1857 673312.05
1858 672861.53
1859 663053.03
1860 672477.68
1861 671572.57
1862 671919.32
1863 671651.68
1864 671037.84
1865 670072.81
1866 669819.49
1867 669648.37
1868 669178.81
1869 668731.21
1870 655673.73
1871 662710.23
1872 662334.06
1873 661700.97
1874 661374.43
1875 660933.65
1876 660513.55
1877 646869.09
1878 665950.72
1879 665154.96
1880 664457.61
1881 664276.70
1882 664047.63
1883 663469.40
1884 662740.39
1885 662177.52
1886 661555.54
1887 661238.05
1888 661088.00
1889 660368.98
1890 651390.39
1891 660866.21
1892 660751.80
1893 660070.58
1894 658900.36
1895 658679.13
1896 657926.06
1897 657872.52
1898 657220.60
1899 656899.55
1900 656606.47
1901 656057.84
1902 655364.01
1903 654927.86
1904 654668.84
1905 654874.49
1906 654034.03
1907 653784.71
1908 644915.72
1909 653742.50
1910 652921.90
1911 652787.67
1912 652714.74
1913 651575.02
1914 650643.92
1915 651359.63
1916 650764.33
1917 649962.78
1918 640850.78
1919 650269.29
1920 649664.64
1921 649406.43
1922 648959.78
1923 648970.20
1924 648293.57
1925 647987.58
1926 647401.80
1927 647169.89
1928 646847.94
1929 637141.84
1930 645998.56
1931 645370.92
1932 645906.89
1933 644858.24
1934 644005.77
1935 643332.27
1936 643096.75
1937 642571.34
1938 642654.90
1939 642090.71
1940 632845.20
1941 642191.43
1942 641530.24
1943 640701.66
1944 639953.73
1945 639845.33
1946 639628.95
1947 639272.72
1948 639088.18
1949 638481.21
1950 638378.68
1951 629187.45
1952 638785.57
1953 638386.02
1954 638303.61
1955 637360.15
1956 636525.87
1957 636242.40
1958 636004.65
1959 626637.36
1960 635981.53
1961 634680.22
1962 633531.79
1963 633767.94
1964 633418.75
1965 632682.92
1966 632442.52
1967 631807.93
1968 631122.45
1969 631813.12
1970 622822.81
1971 631991.53
1972 623134.47
1973 630411.29
1974 629854.86
1975 629501.59
1976 629318.03
1977 628948.25
1978 628660.27
1979 627922.72
1980 627581.17
1981 627303.70
1982 626839.71
1983 626851.64
1984 626523.51
1985 626369.89
1986 626137.17
1987 625515.92
1988 625293.19
1989 624928.60
1990 624268.74
1991 623479.54
1992 622863.40
1993 622607.94
1994 621941.77
1995 621642.21
1996 621569.11
1997 621276.08
1998 620685.24
1999 612977.77
2000 621037.43
2001 620415.97
2002 620058.07
2003 619856.75
2004 619502.32
2005 619499.49
2006 618690.73
2007 618401.00
2008 617814.11
2009 617668.60
2010 608883.69
2011 616862.45
2012 616772.02
2013 616358.79
2014 615625.44
2015 614850.31
2016 614395.89
2017 606815.14
2018 615345.15
2019 615052.88
2020 614030.40
2021 612930.49
2022 612835.69
2023 603933.54
2024 613069.31
2025 612687.17
2026 611853.45
2027 611833.93
2028 611345.06
2029 610945.89
2030 610637.67
2031 610838.22
2032 610457.07
2033 609264.84
2034 608891.93
2035 601253.69
2036 609381.18
2037 609058.03
2038 607813.04
2039 607546.38
2040 607385.60
2041 606962.67
2042 606502.93
2043 605971.81
2044 605883.99
2045 605351.76
2046 594447.89
2047 600592.46
2048 600634.93
2049 600094.58
2050 599948.30
2051 598345.11
2052 597030.62
2053 597204.02
2054 597003.21
2055 596522.36
2056 596106.68
2057 595729.09
2058 594870.96
2059 595379.77
2060 599224.69
2061 598527.68
2062 598237.35
2063 597665.34
2064 597213.07
2065 596684.52
2066 596552.48
2067 595832.99
2068 595605.93
2069 595015.95
2070 594335.80
2071 586178.20
2072 594065.76
2073 594292.39
2074 594095.14
2075 593837.84
2076 593752.94
2077 593553.08
2078 592769.46
2079 592877.26
2080 592322.33
2081 591563.68
2082 591469.86
2083 583310.54
2084 591744.88
2085 592098.02
2086 592176.48
2087 591877.78
2088 590788.85
2089 590836.04
2090 589914.89
2091 578955.47
2092 572677.92
2093 580807.09
2094 554054.19
2095 553903.45
2096 589612.97
2097 589481.36
2098 588516.96
2099 588115.26
2100 588224.05
2101 587582.68
2102 587426.71
2103 586790.10
2104 586916.26
2105 586604.18
2106 586082.66
2107 585535.88
2108 585153.36
2109 584840.20
2110 584945.39
2111 584550.68
2112 583816.87
2113 584051.65
2114 583437.82
2115 583251.68
2116 582676.46
2117 582598.47
2118 581789.33
2119 581873.88
2120 581374.46
2121 581035.00
2122 581005.96
2123 580449.06
2124 580337.61
2125 580082.66
2126 579734.16
2127 579317.32
2128 579386.98
2129 570868.95
2130 579290.76
2131 578833.51
2132 578691.91
2133 578416.58
2134 577267.17
2135 577198.40
2136 576830.85
2137 576500.02
2138 576204.58
2139 575506.59
2140 575301.75
2141 567270.09
2142 574882.55
2143 574378.06
2144 574041.27
2145 573768.27
2146 572955.65
2147 572816.14
2148 571965.51
2149 571634.21
2150 571356.70
2151 571330.49
2152 570487.97
2153 562597.28
2154 571968.47
2155 571838.96
2156 571335.60
2157 563110.17
2158 570759.73
2159 570611.99
2160 570126.08
2161 569774.23
2162 569408.01
2163 561284.38
2164 568755.78
2165 569062.94
2166 568311.70
2167 567993.83
2168 567554.98
2169 567366.66
2170 567107.89
2171 566746.13
2172 566558.67
2173 566709.84
2174 566059.29
2175 557627.31
2176 565309.82
2177 565212.91
2178 564739.91
2179 564486.90
2180 564186.74
2181 563593.37
2182 563105.88
2183 562683.29
2184 562524.91
2185 561992.07
2186 561384.29
2187 553814.77
2188 562076.32
2189 561781.44
2190 561347.05
2191 561132.73
2192 560400.29
2193 559842.18
2194 559150.49
2195 550562.79
2196 556762.48
2197 556525.51
2198 556744.29
2199 556946.26
2200 557582.05
2201 556557.99
2202 556143.67
2203 555914.43
2204 555261.90
2205 555262.46
2206 554874.83
2207 554654.76
2208 547665.66
2209 555442.16
2210 555304.80
2211 554918.85
2212 554194.30
2213 554399.26
2214 553660.26
2215 553183.79
2216 552657.60
2217 552392.96
2218 552502.69
2219 544605.48
2220 552646.06
2221 551899.24
2222 551920.95
2223 551600.11
2224 551334.74
2225 550858.32
2226 550437.27
2227 550268.85
2228 550079.24
2229 549432.12
2230 548641.64
2231 548457.01
2232 541261.09
2233 548873.16
2234 548527.79
2235 548101.64
2236 547098.68
2237 547068.95
2238 546667.77
2239 546245.22
2240 545947.42
2241 545389.10
2242 545248.01
2243 544844.94
2244 544468.98
2245 537383.70
2246 544775.44
2247 544375.80
2248 543912.16
2249 543360.74
2250 542513.72
2251 542040.04
2252 542496.43
2253 542338.14
2254 542314.50
2255 542319.61
2256 542032.32
2257 540943.77
2258 540539.67
2259 540421.15
2260 540043.51
2261 532324.37
2262 539886.38
2263 531964.11
2264 539788.78
2265 540011.90
2266 539516.81
2267 539283.61
2268 538962.44
2269 539061.06
2270 538739.67
2271 538670.86
2272 538294.34
2273 538267.40
2274 537730.87
2275 537353.80
2276 529581.46
2277 528604.37
2278 535633.97
2279 535518.91
2280 535322.40
2281 535029.74
2282 535035.36
2283 534347.79
2284 534004.69
2285 533432.90
2286 533353.15
2287 532992.51
2288 532767.81
2289 532634.78
2290 526460.10
2291 533504.07
2292 525716.16
2293 532714.23
2294 532236.30
2295 531723.97
2296 530904.91
2297 531286.49
2298 531143.56
2299 531220.00
2300 531069.00
2301 530610.07
2302 530142.91
2303 530562.03
2304 530506.77
2305 530047.85
2306 529350.80
2307 528927.52
2308 529896.16
2309 529652.67
2310 528713.54
2311 528021.55
2312 527493.65
2313 527385.63
2314 526486.23
2315 526269.38
2316 525836.66
2317 521663.40
2318 83107.26
2319 207795.13
2320 414347.62
2321 503474.65
2322 356253.22
2323 138164.81
2324 239982.19
2325 147337.60
2326 212106.65
2327 411755.63
2328 505444.92
2329 369181.58
2330 144412.54
2331 317487.21
2332 523728.86
2333 523676.35
2334 523832.33
2335 523105.64
2336 515806.81
2337 523001.22
2338 523139.91
2339 522699.18
2340 522794.15
2341 522745.85
2342 522131.29
2343 514440.76
2344 521135.19
2345 513672.67
2346 521351.14
2347 252330.18
2348 0.94

