1 7612
2 7714
3 7885
4 7651
5 7810
6 8019
7 7914
8 8007
9 8148
10 8512
11 8245
12 8438
13 8501
14 8789
15 9282
16 8895
17 8958
18 9340
19 10148
20 9109
21 8932
22 9054
23 9006
24 9046
25 9701
26 9589
27 11036
28 9314
29 3322491
30 6491728
31 6471516
32 6309392
33 5463419
34 6430736
35 6179238
36 6795638
37 6786781
38 6764797
39 5846314
40 1270916
41 3226098
42 5877586
43 6396011
44 4495551
45 1757766
46 3996914
47 761516
48 2102693
49 5076414
50 6314920
51 3872297
52 1227797
53 4678512
54 6646768
55 6640545
56 6624618
57 6619292
58 6609822
59 6581889
60 6566076
61 6542315
62 6525068
63 6369282
64 6380461
65 6283518
66 5815518
67 5925107
68 5886942
69 6585192
70 6563841
71 6565402
72 6559702
73 6548774
74 6546599
75 6551731
76 6571628
77 6555238
78 6533729
79 6514193
80 6511708
81 6516635
82 6521085
83 6510678
84 6497106
85 6486887
86 6467818
87 6445679
88 6445349
89 6445494
90 6436278
91 6417380
92 6417603
93 6402362
94 6394900
95 6394307
96 6382468
97 6374522
98 6368586
99 6363103
100 6348748
101 6436698
102 6418793
103 6411496
104 6399492
105 6386269
106 6376423
107 6375438
108 6371274
109 6358481
110 6350149
111 6335571
112 6328141
113 6306826
114 6294020
115 6141404
116 6158035
117 6065216
118 5635207
119 5807496
120 5675164
121 6370614
122 6355081
123 6359015
124 6350607
125 6336413
126 6336714
127 6338275
128 6348792
129 6348361
130 6347880
131 6336619
132 6330194
133 6331037
134 6325736
135 6316227
136 6311578
137 6308337
138 6300632
139 6294417
140 6290935
141 6288487
142 6283419
143 6273079
144 6269261
145 6263137
146 6255492
147 6271402
148 6267797
149 6252633
150 6261164
151 6255249
152 6249816
153 6246866
154 6242890
155 6242004
156 6236821
157 6225592
158 6222101
159 6225108
160 6214879
161 6212088
162 6209364
163 6190787
164 6190574
165 6183223
166 6176773
167 6170308
168 6165181
169 6164725
170 6156342
171 6155064
172 6144066
173 6143971
174 6143103
175 6138955
176 6129388
177 6126939
178 6112646
179 6126382
180 6127140
181 6113433
182 6111087
183 6105721
184 6099808
185 6099165
186 6093311
187 6081498
188 6068986
189 6073771
190 6072681
191 6072510
192 6069154
193 6058339
194 6048192
195 6045893
196 6032508
197 6026773
198 6022453
199 6011019
200 6006395
201 5997567
202 5998430
203 5999719
204 6000140
205 6000564
206 5996274
207 5996212
208 5989231
209 5984823
210 5976568
211 5969564
212 5963757
213 5962806
214 5969149
215 5966402
216 5950854
217 5950815
218 5942454
219 5939889
220 5943112
221 5941998
222 5934797
223 5935687
224 5930385
225 5927992
226 5919771
227 5920653
228 5918220
229 5910754
230 5902667
231 5901428
232 5882159
233 5879177
234 5872050
235 5872479
236 5863673
237 5869046
238 5863376
239 5859671
240 5860264
241 5842005
242 5844323
243 5845050
244 5839221
245 5843368
246 5838509
247 5829411
248 5825841
249 5825382
250 5826952
251 5815679
252 5818645
253 5817788
254 5809852
255 5798124
256 5802588
257 5798573
258 5791920
259 5797406
260 5791109
261 5781711
262 5781063
263 5766342
264 5768140
265 5762817
266 5754296
267 5742006
268 5738688
269 5732056
270 5729236
271 5720192
272 5723272
273 5717708
274 5702208
275 5495217
276 5597140
277 5114911
278 5575000
279 5650270
280 5771934
281 5765530
282 5758416
283 5752830
284 5749594
285 5744346
286 5743178
287 5758343
288 5751432
289 5756844
290 5754862
291 5746297
292 5741387
293 5733138
294 5729389
295 5728432
296 5718587
297 5722131
298 5717453
299 5708752
300 5698300
301 5693701
302 5696517
303 5681294
304 5680439
305 5680517
306 5677674
307 5676591
308 5675464
309 5663809
310 5658749
311 5654928
312 5652220
313 5648689
314 5651251
315 5643982
316 5636779
317 5631786
318 5624172
319 5619752
320 5613081
321 5615693
322 5625560
323 5623871
324 5624915
325 5622906
326 5618849
327 5617922
328 5610272
329 5599342
330 5593178
331 5600187
332 5591930
333 5581905
334 5581556
335 5588153
336 5569014
337 5568604
338 5564624
339 5562127
340 5553428
341 5556470
342 5554592
343 5548575
344 5541316
345 5544969
346 5536370
347 5535657
348 5529108
349 5517225
350 5519063
351 5512718
352 5507368
353 5498675
354 5495755
355 5495689
356 5492000
357 5488387
358 5480205
359 5474082
360 5473102
361 5470592
362 5468793
363 5469199
364 5463121
365 5484386
366 5477209
367 5465854
368 5455088
369 5453013
370 5449616
371 5446610
372 5445341
373 5438902
374 5425355
375 5424619
376 5423647
377 5419546
378 5423877
379 5420445
380 5413213
381 5410609
382 5411858
383 5394244
384 5394658
385 5393622
386 5385879
387 5388116
388 5372013
389 5378319
390 5381062
391 5370170
392 5362793
393 5358207
394 5359989
395 5358926
396 5352766
397 5356323
398 5346589
399 5338903
400 5332774
401 5332079
402 5328443
403 5318521
404 5322294
405 5323711
406 5332293
407 5320979
408 5320952
409 5320588
410 5314601
411 5310106
412 5308499
413 5300735
414 5299437
415 5291326
416 5296231
417 5289315
418 5288938
419 5281116
420 5276079
421 5270376
422 5265652
423 5121021
424 5154431
425 5179658
426 4798875
427 5042570
428 5266233
429 5274285
430 5273473
431 5266700
432 5257675
433 5256625
434 5258256
435 5251240
436 5246416
437 5243493
438 5234011
439 5235779
440 5230468
441 5225935
442 5222810
443 5216790
444 5220755
445 5212315
446 5221569
447 5224786
448 5221644
449 5214104
450 5214900
451 5211933
452 5204136
453 5203641
454 5202511
455 5192132
456 5187849
457 5187139
458 5184316
459 5172020
460 5176822
461 5180758
462 5173533
463 5168674
464 5168155
465 5160383
466 5155941
467 5151135
468 5152851
469 5151076
470 5146035
471 5144965
472 5133784
473 5130950
474 5118002
475 5126848
476 5124912
477 5122629
478 5123780
479 5115620
480 5112549
481 5112430
482 5093982
483 5096892
484 5101407
485 5093146
486 5110016
487 5107402
488 5102131
489 5094684
490 5095534
491 5090402
492 5082194
493 5083195
494 5072706
495 5073612
496 5072348
497 5064559
498 5067418
499 5062662
500 5061423
501 5056631
502 5058627
503 5049979
504 5046334
505 5044583
506 5041393
507 5036386
508 5033742
509 5026036
510 5025648
511 5014891
512 5016838
513 5015322
514 5004805
515 5009310
516 5006749
517 5003072
518 5002119
519 4998688
520 4991831
521 4988555
522 4982572
523 4980256
524 4978511
525 4970380
526 4971918
527 4968728
528 4966567
529 4956611
530 4962402
531 4978201
532 4976801
533 4974157
534 4976874
535 4965236
536 4964319
537 4963911
538 4953095
539 4946010
540 4945786
541 4942243
542 4941054
543 4926575
544 4927189
545 4927512
546 4921640
547 4913896
548 4920013
549 4916333
550 4913578
551 4910508
552 4911246
553 4906233
554 4900047
555 4898692
556 4898684
557 4888924
558 4883032
559 4884465
560 4875500
561 4878877
562 4876080
563 4870732
564 4864483
565 4867648
566 4867607
567 4857731
568 4856280
569 4855696
570 4850295
571 4845778
572 4837516
573 4836765
574 4837856
575 4835061
576 4850282
577 4838971
578 4835432
579 4836297
580 4833064
581 4824825
582 4825109
583 4824885
584 4816052
585 4813974
586 4812313
587 4815967
588 4808229
589 4805074
590 4798675
591 4800390
592 4793760
593 4785756
594 4790287
595 4784831
596 4782931
597 4779376
598 4775529
599 4768959
600 4776799
601 4771223
602 4771122
603 4764842
604 4751417
605 4751205
606 4747996
607 4743869
608 4743031
609 4743910
610 4735049
611 4722397
612 4725220
613 4732730
614 4720225
615 4725600
616 4721535
617 4720416
618 4712162
619 4710290
620 4695634
621 4724451
622 4715749
623 4705680
624 4709686
625 4704970
626 4701851
627 4696371
628 4696935
629 4696677
630 4692066
631 4687851
632 4687087
633 4522482
634 4576941
635 4354545
636 4504198
637 4585361
638 4667998
639 4665550
640 4658493
641 4660182
642 4652560
643 4646799
644 4644578
645 4642319
646 4636095
647 4632781
648 4632601
649 4629906
650 4628080
651 4622688
652 4627872
653 4621272
654 4615933
655 4613258
656 4613967
657 4608059
658 4606260
659 4597155
660 4600874
661 4599375
662 4595748
663 4593062
664 4582758
665 4588467
666 4585379
667 4581840
668 4589500
669 4593504
670 4591962
671 4588761
672 4580293
673 4571382
674 4574182
675 4564630
676 4564050
677 4558934
678 4555563
679 4557227
680 4554289
681 4555984
682 4551290
683 4549190
684 4548468
685 4539253
686 4539850
687 4537963
688 4527860
689 4527799
690 4521190
691 4524538
692 4516021
693 4516102
694 4509055
695 4507306
696 4507775
697 4505359
698 4503204
699 4494620
700 4494942
701 4493774
702 4487483
703 4484057
704 4478706
705 4481549
706 4477272
707 4473535
708 4465510
709 4458986
710 4467462
711 4466721
712 4459263
713 4459283
714 4451629
715 4448158
716 4470889
717 4458190
718 4456724
719 4453561
720 4453326
721 4447463
722 4438813
723 4434957
724 4434207
725 4433678
726 4428640
727 4427722
728 4427019
729 4420953
730 4419307
731 4408157
732 4416882
733 4409727
734 4410728
735 4402742
736 4400064
737 4398499
738 4392273
739 4390479
740 4388688
741 4383867
742 4383779
743 4380163
744 4382758
745 4380293
746 4377803
747 4379349
748 4377737
749 4369921
750 4365119
751 4363185
752 4366474
753 4362655
754 4359096
755 4358102
756 4348851
757 4339248
758 4348563
759 4340762
760 4339675
761 4336408
762 4334074
763 4340108
764 4348895
765 4337886
766 4322749
767 4326711
768 4322790
769 4323250
770 4321824
771 4320439
772 4316622
773 4300659
774 4304095
775 4308723
776 4297653
777 4294847
778 4297604
779 4295062
780 4292756
781 4288283
782 4279836
783 4285027
784 4287494
785 4282095
786 4285589
787 4279234
788 4277321
789 4273851
790 4266871
791 4271930
792 4261987
793 4260857
794 4253399
795 4246074
796 4247888
797 4248174
798 4248298
799 4242660
800 4240280
801 4240244
802 4234470
803 4232698
804 4230584
805 4228032
806 4222272
807 4219414
808 4209335
809 4209657
810 4207291
811 4206400
812 4199914
813 4195898
814 4212964
815 4215516
816 4212631
817 4200443
818 4203904
819 4202058
820 4196424
821 4188576
822 4190342
823 4187954
824 4180327
825 4178309
826 4168642
827 4169597
828 4166149
829 4163871
830 4160777
831 4161929
832 4160541
833 4157799
834 4151784
835 4157543
836 4147918
837 4147120
838 4143094
839 4141930
840 4136724
841 4132965
842 4128373
843 4127827
844 4128012
845 4125200
846 4120062
847 4119756
848 4119472
849 4113310
850 4108888
851 4110584
852 4107738
853 4106986
854 4105903
855 4101145
856 4095651
857 4093895
858 4093981
859 4088952
860 4079063
861 4077453
862 4093437
863 4090403
864 4087825
865 4080812
866 4082103
867 4077727
868 4083423
869 4069626
870 4072660
871 4067809
872 4064573
873 4064331
874 4063718
875 4054786
876 4056419
877 4045623
878 4052824
879 4053896
880 4050265
881 4051661
882 4039789
883 4042179
884 4039809
885 4042707
886 4040005
887 4034705
888 4028564
889 4025834
890 4020839
891 4021229
892 4013308
893 4013087
894 4009351
895 4006192
896 4001378
897 4003671
898 3994451
899 3995712
900 3992333
901 3986425
902 3991450
903 3990468
904 3984375
905 3981844
906 3983300
907 3974414
908 3974762
909 3970189
910 3969286
911 3962067
912 3961055
913 3959741
914 3966037
915 3967200
916 3963252
917 3962137
918 3961845
919 3960594
920 3960173
921 3953829
922 3957552
923 3953271
924 3950708
925 3949321
926 3949688
927 3944856
928 3944639
929 3936437
930 3928924
931 3930636
932 3922974
933 3928735
934 3926861
935 3918375
936 3924065
937 3919023
938 3913506
939 3909979
940 3910189
941 3909388
942 3910347
943 3904898
944 3902293
945 3897203
946 3722170
947 3839859
948 3710569
949 3689921
950 3785031
951 3882137
952 3903699
953 3909561
954 3903712
955 3900107
956 3901276
957 3898825
958 3893680
959 3892039
960 3886865
961 3887186
962 3885712
963 3885558
964 3882326
965 3891141
966 3887219
967 3885413
968 3879979
969 3880119
970 3878327
971 3877587
972 3872902
973 3873703
974 3867038
975 3866767
976 3866159
977 3856688
978 3856119
979 3857985
980 3855431
981 3853599
982 3849315
983 3846748
984 3846399
985 3841571
986 3836811
987 3840330
988 3838106
989 3837334
990 3833660
991 3831902
992 3826204
993 3822277
994 3823115
995 3815218
996 3817692
997 3814274
998 3814309
999 3809681
1000 3801687
1001 3809394
1002 3801905
1003 3803419
1004 3797579
1005 3793945
1006 3794004
1007 3788205
1008 3785776
1009 3785085
1010 3780596
1011 3783887
1012 3780767
1013 3777640
1014 3772841
1015 3771195
1016 3759922
1017 3775549
1018 3779952
1019 3778218
1020 3770753
1021 3767703
1022 3766974
1023 3763076
1024 3762943
1025 3754914
1026 3755486
1027 3753009
1028 3757228
1029 3751924
1030 3743358
1031 3742075
1032 3737729
1033 3735716
1034 3734133
1035 3731604
1036 3731708
1037 3729967
1038 3726650
1039 3719557
1040 3723142
1041 3720123
1042 3718802
1043 3717615
1044 3714353
1045 3708196
1046 3703672
1047 3701797
1048 3702893
1049 3699709
1050 3699081
1051 3696887
1052 3692019
1053 3693024
1054 3689547
1055 3685140
1056 3679626
1057 3684768
1058 3677322
1059 3678673
1060 3676529
1061 3673505
1062 3672780
1063 3672533
1064 3664479
1065 3659900
1066 3659539
1067 3655923
1068 3655529
1069 3650880
1070 3659482
1071 3659446
1072 3660462
1073 3656425
1074 3654222
1075 3653080
1076 3650845
1077 3650476
1078 3645530
1079 3645303
1080 3643954
1081 3640159
1082 3638753
1083 3632941
1084 3632929
1085 3622422
1086 3625246
1087 3626895
1088 3619052
1089 3619265
1090 3618565
1091 3617433
1092 3612073
1093 3613325
1094 3611573
1095 3603214
1096 3606426
1097 3600783
1098 3603246
1099 3599837
1100 3595878
1101 3589972
1102 3591318
1103 3592154
1104 3591581
1105 3587732
1106 3586751
1107 3579778
1108 3578888
1109 3582753
1110 3575478
1111 3577372
1112 3572235
1113 3563766
1114 3566100
1115 3563739
1116 3561343
1117 3557675
1118 3555281
1119 3550975
1120 3549106
1121 3548234
1122 3546530
1123 3563246
1124 3553957
1125 3550481
1126 3549799
1127 3547519
1128 3545344
1129 3544843
1130 3537528
1131 3537171
1132 3543839
1133 3536897
1134 3536725
1135 3528964
1136 3532061
1137 3527498
1138 3518355
1139 3515639
1140 3516909
1141 3516946
1142 3519448
1143 3512913
1144 3511777
1145 3509838
1146 3511555
1147 3504502
1148 3506640
1149 3501129
1150 3499874
1151 3495372
1152 3488463
1153 3486743
1154 3486075
1155 3483757
1156 3484001
1157 3488546
1158 3479609
1159 3483949
1160 3478487
1161 3474211
1162 3471425
1163 3471007
1164 3474675
1165 3467586
1166 3465816
1167 3464364
1168 3458789
1169 3454934
1170 3454216
1171 3449285
1172 3443055
1173 3448237
1174 3446989
1175 3447246
1176 3446407
1177 3440824
1178 3448545
1179 3450018
1180 3446084
1181 3441398
1182 3439493
1183 3440220
1184 3438983
1185 3434496
1186 3430872
1187 3428221
1188 3429217
1189 3424518
1190 3417130
1191 3424414
1192 3414383
1193 3414314
1194 3414651
1195 3413666
1196 3412763
1197 3408258
1198 3407717
1199 3405408
1200 3399028
1201 3396913
1202 3396345
1203 3392627
1204 3389940
1205 3389470
1206 3386111
1207 3388707
1208 3384814
1209 3379993
1210 3380327
1211 3379117
1212 3374851
1213 3371362
1214 3369195
1215 3365970
1216 3366992
1217 3365866
1218 3360219
1219 3364833
1220 3357769
1221 3354623
1222 3350389
1223 3353089
1224 3349033
1225 3345960
1226 3346580
1227 3346726
1228 3339103
1229 3339006
1230 3336187
1231 3334830
1232 3316154
1233 3335670
1234 3334599
1235 3331795
1236 3313001
1237 3174159
1238 3184526
1239 3140537
1240 3098981
1241 3152297
1242 3323962
1243 3329571
1244 3322641
1245 3322994
1246 3318838
1247 3316496
1248 3320572
1249 3332951
1250 3460085
1251 3564306
1252 3568710
1253 3565837
1254 3561039
1255 3563698
1256 3559013
1257 3556016
1258 3549757
1259 3549025
1260 3546449
1261 3544547
1262 3544322
1263 3536934
1264 3537369
1265 3529671
1266 3528823
1267 3525046
1268 3525141
1269 3521794
1270 3518076
1271 3510123
1272 3503826
1273 3506590
1274 3508408
1275 3505858
1276 3496981
1277 3497038
1278 3497651
1279 3492658
1280 3490919
1281 3491044
1282 3485124
1283 3485576
1284 3482005
1285 3478326
1286 3474668
1287 3476330
1288 3471428
1289 3466519
1290 3466663
1291 3458889
1292 3458806
1293 3457054
1294 3450293
1295 3455593
1296 3451678
1297 3444933
1298 3447134
1299 3443914
1300 3441300
1301 3439345
1302 3435049
1303 3436058
1304 3432608
1305 3429730
1306 3424623
1307 3423264
1308 3422197
1309 3417873
1310 3415088
1311 3413631
1312 3412620
1313 3408785
1314 3408389
1315 3406899
1316 3404632
1317 3396125
1318 3400740
1319 3394585
1320 3393266
1321 3387065
1322 3382360
1323 3379369
1324 3380556
1325 3375044
1326 3377514
1327 3372433
1328 3368363
1329 3367825
1330 3367621
1331 3360353
1332 3363719
1333 3361865
1334 3356585
1335 3357829
1336 3353378
1337 3350405
1338 3347348
1339 3340194
1340 3342492
1341 3338396
1342 3340506
1343 3336297
1344 3330796
1345 3330971
1346 3327495
1347 3329574
1348 3325865
1349 3319051
1350 3321469
1351 3319795
1352 3317208
1353 3311963
1354 3313151
1355 3310549
1356 3305366
1357 3302633
1358 3299832
1359 3295110
1360 3299820
1361 3296145
1362 3296111
1363 3294987
1364 3290850
1365 3291590
1366 3289886
1367 3287778
1368 3285885
1369 3280223
1370 3276990
1371 3269086
1372 3276168
1373 3269424
1374 3264916
1375 3263670
1376 3253662
1377 3252202
1378 3254489
1379 3251427
1380 3253392
1381 3251108
1382 3243436
1383 3243684
1384 3238460
1385 3240035
1386 3237435
1387 3233515
1388 3231516
1389 3229933
1390 3224425
1391 3226541
1392 3218058
1393 3216667
1394 3214192
1395 3212873
1396 3210302
1397 3213782
1398 3209594
1399 3206170
1400 3211245
1401 3208508
1402 3204139
1403 3196296
1404 3195881
1405 3197729
1406 3196169
1407 3191714
1408 3188070
1409 3183796
1410 3181352
1411 3178726
1412 3180138
1413 3177966
1414 3175066
1415 3171580
1416 3172491
1417 3169319
1418 3170909
1419 3164824
1420 3168712
1421 3165276
1422 3161816
1423 3157740
1424 3156351
1425 3151309
1426 3150180
1427 3141236
1428 3149949
1429 3142446
1430 3141218
1431 3144619
1432 3139285
1433 3138508
1434 3130252
1435 3131194
1436 3131371
1437 3126242
1438 3128958
1439 3125290
1440 3125027
1441 3123330
1442 3117834
1443 3115576
1444 3111493
1445 3107139
1446 3107514
1447 3107495
1448 3106161
1449 3102473
1450 3101126
1451 3101154
1452 3098348
1453 3096339
1454 3090809
1455 3092801
1456 3091196
1457 3090732
1458 3086539
1459 3080924
1460 3080193
1461 3078342
1462 3075857
1463 3069822
1464 3076985
1465 3071052
1466 3070344
1467 3069057
1468 3069232
1469 3067127
1470 3062623
1471 3063790
1472 3062886
1473 3060254
1474 3058587
1475 3052008
1476 3053017
1477 3048429
1478 3043459
1479 3045906
1480 3043300
1481 3033113
1482 3042986
1483 3040985
1484 3038563
1485 3037745
1486 3042988
1487 3033912
1488 3033174
1489 3027751
1490 3025599
1491 3026362
1492 3026934
1493 3021298
1494 3020303
1495 3017209
1496 3013550
1497 3016258
1498 3012443
1499 3007203
1500 3003383
1501 3004426
1502 3006429
1503 2999532
1504 2998307
1505 2998357
1506 2996882
1507 2998973
1508 2992163
1509 2988035
1510 2990643
1511 2988116
1512 2981171
1513 2982141
1514 2978778
1515 2977586
1516 2972758
1517 2974229
1518 2972309
1519 2972846
1520 2968135
1521 2967041
1522 2963162
1523 2961679
1524 2960801
1525 2959077
1526 2957467
1527 2956368
1528 2955467
1529 2953215
1530 2950200
1531 2948704
1532 2949387
1533 2939150
1534 2941448
1535 2942426
1536 2941637
1537 2937843
1538 2935284
1539 2934254
1540 2936523
1541 2931678
1542 2930441
1543 2924535
1544 2923328
1545 2918549
1546 2915769
1547 2911568
1548 2913884
1549 2914849
1550 2910124
1551 2908216
1552 2906267
1553 2902923
1554 2906270
1555 2908726
1556 2903311
1557 2903225
1558 2902998
1559 2897135
1560 2893745
1561 2894724
1562 2889070
1563 2887838
1564 2890346
1565 2884004
1566 2884405
1567 2886568
1568 2882023
1569 2881802
1570 2878010
1571 2876857
1572 2877409
1573 2876123
1574 2874312
1575 2871190
1576 2867495
1577 2866586
1578 2861589
1579 2856070
1580 2858725
1581 2861226
1582 2853974
1583 2854264
1584 2851008
1585 2850845
1586 2849665
1587 2848145
1588 2845369
1589 2844141
1590 2843071
1591 2843135
1592 2837163
1593 2837534
1594 2833739
1595 2830776
1596 2828791
1597 2829989
1598 2826959
1599 2824570
1600 2822192
1601 2819610
1602 2819140
1603 2816060
1604 2820501
1605 2812377
1606 2818589
1607 2811695
1608 2815123
1609 2811340
1610 2808557
1611 2807391
1612 2803788
1613 2798099
1614 2798446
1615 2796321
1616 2796046
1617 2794762
1618 2794287
1619 2792919
1620 2790193
1621 2787515
1622 2784247
1623 2787672
1624 2787803
1625 2783111
1626 2781534
1627 2777362
1628 2770911
1629 2777626
1630 2771610
1631 2769105
1632 2766196
1633 2769305
1634 2767394
1635 2764887
1636 2766686
1637 2763684
1638 2762333
1639 2762042
1640 2762084
1641 2754943
1642 2755789
1643 2757627
1644 2755152
1645 2751685
1646 2745471
1647 2744378
1648 2739544
1649 2743990
1650 2741658
1651 2741662
1652 2737141
1653 2739308
1654 2732578
1655 2736108
1656 2731917
1657 2725061
1658 2728308
1659 2727046
1660 2727588
1661 2721461
1662 2715632
1663 2708717
1664 2710097
1665 2709563
1666 2710459
1667 2707991
1668 2707124
1669 2705761
1670 2708670
1671 2705366
1672 2706299
1673 2703804
1674 2609170
1675 2624769
1676 2507714
1677 2616654
1678 2660068
1679 2698470
1680 2702004
1681 2700298
1682 2701649
1683 2701014
1684 2701036
1685 2698439
1686 2695762
1687 2693100
1688 2693162
1689 2686121
1690 2692136
1691 2685588
1692 2686202
1693 2683450
1694 2679357
1695 2680128
1696 2680984
1697 2672080
1698 2674727
1699 2670755
1700 2668958
1701 2670764
1702 2668958
1703 2667405
1704 2667230
1705 2663058
1706 2665020
1707 2665042
1708 2658092
1709 2660597
1710 2659866
1711 2657093
1712 2654890
1713 2653325
1714 2649060
1715 2649695
1716 2648228
1717 2643815
1718 2642726
1719 2643054
1720 2641804
1721 2640800
1722 2637275
1723 2639893
1724 2632488
1725 2631780
1726 2634050
1727 2630326
1728 2629804
1729 2630327
1730 2626329
1731 2625778
1732 2624336
1733 2622733
1734 2620499
1735 2623557
1736 2615878
1737 2614509
1738 2613915
1739 2612926
1740 2613465
1741 2611574
1742 2610537
1743 2611926
1744 2604428
1745 2609371
1746 2690309
1747 2748181
1748 2749144
1749 2747235
1750 2741910
1751 2738220
1752 2740839
1753 2733702
1754 2739876
1755 2736287
1756 2729198
1757 2729429
1758 2726418
1759 2723979
1760 2723459
1761 2718909
1762 2720286
1763 2719112
1764 2712205
1765 2717090
1766 2713479
1767 2707793
1768 2710964
1769 2709482
1770 2702709
1771 2705940
1772 2698293
1773 2698375
1774 2694929
1775 2692245
1776 2690182
1777 2689849
1778 2683772
1779 2682831
1780 2688488
1781 2685742
1782 2686740
1783 2677172
1784 2683157
1785 2671714
1786 2673779
1787 2675039
1788 2672116
1789 2670154
1790 2666824
1791 2666468
1792 2662912
1793 2663252
1794 2660061
1795 2653946
1796 2655454
1797 2657879
1798 2652745
1799 2652569
1800 2649842
1801 2648481
1802 2648985
1803 2645396
1804 2642683
1805 2640253
1806 2639403
1807 2639427
1808 2635819
1809 2632970
1810 2625061
1811 2620500
1812 2621689
1813 2623341
1814 2617624
1815 2617162
1816 2616275
1817 2614558
1818 2612819
1819 2612659
1820 2608451
1821 2606398
1822 2603660
1823 2602453
1824 2598754
1825 2596565
1826 2598125
1827 2597070
1828 2592319
1829 2594726
1830 2589218
1831 2589044
1832 2586382
1833 2586171
1834 2582993
1835 2581594
1836 2577451
1837 2577754
1838 2573830
1839 2572080
1840 2571472
1841 2569243
1842 2568919
1843 2569772
1844 2569018
1845 2563601
1846 2563789
1847 2565508
1848 2561549
1849 2558750
1850 2558042
1851 2555481
1852 2551441
1853 2553071
1854 2549522
1855 2549380
1856 2547725
1857 2547913
1858 2543901
1859 2541897
1860 2543332
1861 2542312
1862 2540804
1863 2538395
1864 2538188
1865 2537915
1866 2533569
1867 2528683
1868 2530404
1869 2528738
1870 2524202
1871 2524809
1872 2525600
1873 2524108
1874 2521767
1875 2520183
1876 2517640
1877 2509701
1878 2516985
1879 2510423
1880 2510147
1881 2511040
1882 2506900
1883 2510713
1884 2504262
1885 2500221
1886 2502292
1887 2497656
1888 2500481
1889 2496533
1890 2493732
1891 2491478
1892 2496476
1893 2490930
1894 2493356
1895 2488700
1896 2488840
1897 2486009
1898 2483905
1899 2481259
1900 2481420
1901 2477826
1902 2477019
1903 2476049
1904 2473637
1905 2473704
1906 2473644
1907 2471563
1908 2466721
1909 2465871
1910 2465151
1911 2463236
1912 2461958
1913 2462277
1914 2455200
1915 2458107
1916 2455641
1917 2455483
1918 2453568
1919 2453979
1920 2450359
1921 2449802
1922 2445729
1923 2445697
1924 2444422
1925 2444725
1926 2439248
1927 2442216
1928 2439461
1929 2436681
1930 2436192
1931 2433481
1932 2434314
1933 2432173
1934 2430430
1935 2426697
1936 2431111
1937 2424105
1938 2426705
1939 2424966
1940 2422186
1941 2421693
1942 2419549
1943 2417581
1944 2414460
1945 2412007
1946 2414508
1947 2413883
1948 2409258
1949 2412183
1950 2410150
1951 2407193
1952 2407603
1953 2406159
1954 2403591
1955 2400887
1956 2401513
1957 2400898
1958 2396132
1959 2395395
1960 2396728
1961 2391809
1962 2389730
1963 2392831
1964 2389653
1965 2388161
1966 2389420
1967 2383441
1968 2382675
1969 2383812
1970 2377708
1971 2382184
1972 2380315
1973 2376204
1974 2376550
1975 2373782
1976 2372911
1977 2372017
1978 2375067
1979 2369208
1980 2367904
1981 2367269
1982 2364759
1983 2363739
1984 2362118
1985 2361536
1986 2361216
1987 2359225
1988 2358886
1989 2354431
1990 2355312
1991 2356603
1992 2352718
1993 2349076
1994 2348854
1995 2346124
1996 2348069
1997 2344323
1998 2346624
1999 2341102
2000 2339412
2001 2338269
2002 2337217
2003 2336290
2004 2337896
2005 2336195
2006 2332870
2007 2331401
2008 2332431
2009 2326982
2010 2324868
2011 2327070
2012 2326297
2013 2323586
2014 2324987
2015 2322710
2016 2321634
2017 2316499
2018 2318016
2019 2317619
2020 2311901
2021 2310588
2022 2310304
2023 2306037
2024 2310637
2025 2306693
2026 2304700
2027 2306361
2028 2304681
2029 2302530
2030 2303966
2031 2302383
2032 2299990
2033 2292884
2034 2295289
2035 2292887
2036 2293126
2037 2291931
2038 2292174
2039 2291204
2040 2288320
2041 2284613
2042 2284011
2043 2284878
2044 2282495
2045 2279284
2046 2281567
2047 2276717
2048 2279331
2049 2279560
2050 2275240
2051 2271340
2052 2266952
2053 2267741
2054 2265457
2055 2268323
2056 2261046
2057 2264315
2058 2258231
2059 2256721
2060 2256964
2061 2254493
2062 2251540
2063 2248938
2064 2252005
2065 2246591
2066 2249486
2067 2246541
2068 2241991
2069 2238685
2070 2236196
2071 2232684
2072 2235138
2073 2237728
2074 2234513
2075 2233152
2076 2235742
2077 2235900
2078 2232965
2079 2231648
2080 2230377
2081 2227919
2082 2227439
2083 2224642
2084 2225679
2085 2221760
2086 2224774
2087 2223427
2088 2221915
2089 2218873
2090 2218896
2091 2177053
2092 2150825
2093 2182237
2094 2080292
2095 2106277
2096 2216701
2097 2217854
2098 2215088
2099 2213722
2100 2213472
2101 2211586
2102 2209104
2103 2209975
2104 2207114
2105 2208091
2106 2205987
2107 2205328
2108 2202362
2109 2206450
2110 2201471
2111 2199039
2112 2197231
2113 2195980
2114 2197004
2115 2196825
2116 2194437
2117 2191248
2118 2190017
2119 2187126
2120 2187597
2121 2188214
2122 2186775
2123 2183950
2124 2185380
2125 2178593
2126 2179805
2127 2178668
2128 2183196
2129 2172266
2130 2179001
2131 2176768
2132 2175338
2133 2171382
2134 2171746
2135 2167003
2136 2168357
2137 2168874
2138 2167405
2139 2164907
2140 2163243
2141 2162513
2142 2162842
2143 2163534
2144 2163468
2145 2159616
2146 2157440
2147 2157301
2148 2155149
2149 2152593
2150 2151052
2151 2153367
2152 2151080
2153 2149457
2154 2146994
2155 2149562
2156 2146555
2157 2142933
2158 2143418
2159 2140761
2160 2141308
2161 2138707
2162 2139477
2163 2134397
2164 2136529
2165 2137012
2166 2133103
2167 2134654
2168 2132861
2169 2133440
2170 2129429
2171 2127514
2172 2125821
2173 2126665
2174 2123382
2175 2121898
2176 2123015
2177 2121557
2178 2120352
2179 2117532
2180 2119118
2181 2114718
2182 2117990
2183 2116127
2184 2111421
2185 2114038
2186 2111615
2187 2109870
2188 2108559
2189 2108921
2190 2105360
2191 2107629
2192 2106606
2193 2102918
2194 2104189
2195 2097640
2196 2097398
2197 2095242
2198 2094926
2199 2094239
2200 2098934
2201 2095893
2202 2092111
2203 2092154
2204 2090135
2205 2087633
2206 2088215
2207 2086506
2208 2084226
2209 2084986
2210 2084766
2211 2081858
2212 2081143
2213 2077744
2214 2079316
2215 2077335
2216 2077001
2217 2072751
2218 2076085
2219 2072142
2220 2075574
2221 2073943
2222 2070067
2223 2070155
2224 2066371
2225 2067689
2226 2063925
2227 2063252
2228 2065450
2229 2061329
2230 2060567
2231 2060531
2232 2058612
2233 2055728
2234 2056464
2235 2057086
2236 2057055
2237 2056040
2238 2052632
2239 2050594
2240 2050957
2241 2049239
2242 2047054
2243 2045879
2244 2047377
2245 2043428
2246 2043044
2247 2042771
2248 2041250
2249 2039641
2250 2039434
2251 2033871
2252 2036895
2253 2035442
2254 2034820
2255 2034709
2256 2036063
2257 2032345
2258 2028382
2259 2029264
2260 2026827
2261 2024850
2262 2025398
2263 2024380
2264 2021983
2265 2024651
2266 2022942
2267 2022024
2268 2023887
2269 2023236
2270 2021818
2271 2018190
2272 2022062
2273 2016952
2274 2016236
2275 2014495
2276 2010859
2277 2011162
2278 2012349
2279 2012335
2280 2011781
2281 2010532
2282 2009909
2283 2010149
2284 2007691
2285 2006691
2286 2004579
2287 2005007
2288 2001695
2289 2003234
2290 1996236
2291 2001290
2292 1995907
2293 1995150
2294 1998817
2295 1995728
2296 1991827
2297 1994017
2298 1992162
2299 1993431
2300 1990555
2301 1989765
2302 1989287
2303 1991484
2304 1992537
2305 1989890
2306 1987353
2307 1985234
2308 1986053
2309 1986138
2310 1984665
2311 1982287
2312 1980656
2313 1979172
2314 1974934
2315 1975307
2316 1973515
2317 1953516
2318 308449
2319 769508
2320 1545159
2321 1887768
2322 1326429
2323 511564
2324 899970
2325 548010
2326 784584
2327 1531194
2328 1892993
2329 1373860
2330 532796
2331 1187790
2332 1963662
2333 1963187
2334 1965012
2335 1960570
2336 1961894
2337 1960613
2338 1957969
2339 1959764
2340 1958907
2341 1958116
2342 1958268
2343 1957298
2344 1956476
2345 1953207
2346 1952348
2347 948105
2348 4038
