      16.6889      11.871        1      11      4      5
      3.94582      -6.55133      2      9       1      17
      4.32217      -7.60442      2      10      1      17
      15.7648      -4.55893      2      10      3      35
      4.69216      -8.83167      2      11      1      17
      4.80439      -4.93344      2      11      1      18
      5.61485      -5.55298      2      12      1      18
      5.03927      -10.2949      2      12      2      23
      5.0318       -10.2565      2      12      2      24
      -9.19381     -10.8786      2      12      3      23


