 rawid  ((rawid >> 2) & 0xFF)  module  side  disk ring  rvalue  phiangle globalPosClu1.z() 
 
 346297348 1 1 1 1 1 10.7688 -0.000741215 -174.4
 346297352 2 2 1 1 1 10.7688 0.313418 -175.2
 346297356 3 3 1 1 1 10.7688 0.627577 -174.4
 346297360 4 4 1 1 1 10.7688 0.941737 -175.2
 346297364 5 5 1 1 1 10.7688 1.2559 -174.4
 346297368 6 6 1 1 1 10.7688 1.57006 -175.2
 346297372 7 7 1 1 1 10.7688 1.88421 -174.4
 346297376 8 8 1 1 1 10.7688 2.19837 -175.2
 346297380 9 9 1 1 1 10.7688 2.51253 -174.4
 346297384 10 10 1 1 1 10.7688 2.82669 -175.2
 346297388 11 11 1 1 1 10.7688 3.14085 -174.4
 346297392 12 12 1 1 1 10.7688 -2.82817 -175.2
 346297396 13 13 1 1 1 10.7688 -2.51402 -174.4
 346297400 14 14 1 1 1 10.7688 -2.19986 -175.2
 346297404 15 15 1 1 1 10.7688 -1.8857 -174.4
 346297408 16 16 1 1 1 10.7688 -1.57154 -175.2
 346297412 17 17 1 1 1 10.7688 -1.25738 -174.4
 346297416 18 18 1 1 1 10.7688 -0.943219 -175.2
 346297420 19 19 1 1 1 10.7688 -0.62906 -174.4
 346297424 20 20 1 1 1 10.7688 -0.3149 -175.2
 346301444 1 1 1 1 2 14.4991 0.229197 -174.8
 346301448 2 2 1 1 2 14.4991 0.453592 -175.6
 346301452 3 3 1 1 2 14.4991 0.677996 -174.8
 346301456 4 4 1 1 2 14.4991 0.902391 -175.6
 346301460 5 5 1 1 2 14.4991 1.1268 -174.8
 346301464 6 6 1 1 2 14.4991 1.35119 -175.6
 346301468 7 7 1 1 2 14.4991 1.57559 -174.8
 346301472 8 8 1 1 2 14.4991 1.79999 -175.6
 346301476 9 9 1 1 2 14.4991 2.02439 -174.8
 346301480 10 10 1 1 2 14.4991 2.24879 -175.6
 346301484 11 11 1 1 2 14.4991 2.47319 -174.8
 346301488 12 12 1 1 2 14.4991 2.69759 -175.6
 346301492 13 13 1 1 2 14.4991 2.92199 -174.8
 346301496 14 14 1 1 2 14.4991 -3.1368 -175.6
 346301500 15 15 1 1 2 14.4991 -2.9124 -174.8
 346301504 16 16 1 1 2 14.4991 -2.688 -175.6
 346301508 17 17 1 1 2 14.4991 -2.4636 -174.8
 346301512 18 18 1 1 2 14.4991 -2.2392 -175.6
 346301516 19 19 1 1 2 14.4991 -2.0148 -174.8
 346301520 20 20 1 1 2 14.4991 -1.7904 -175.6
 346301524 21 21 1 1 2 14.4991 -1.566 -174.8
 346301528 22 22 1 1 2 14.4991 -1.3416 -175.6
 346301532 23 23 1 1 2 14.4991 -1.1172 -174.8
 346301536 24 24 1 1 2 14.4991 -0.892805 -175.6
 346301540 25 25 1 1 2 14.4991 -0.668401 -174.8
 346301544 26 26 1 1 2 14.4991 -0.444006 -175.6
 346301548 27 27 1 1 2 14.4991 -0.219602 -174.8
 346301552 28 28 1 1 2 14.4991 0.00479322 -175.6
 346305540 1 1 1 1 3 18.2088 -0.00581732 -174.4
 346305544 2 2 1 1 3 18.2088 0.168716 -175.2
 346305548 3 3 1 1 3 18.2088 0.343249 -174.4
 346305552 4 4 1 1 3 18.2088 0.517781 -175.2
 346305556 5 5 1 1 3 18.2088 0.692314 -174.4
 346305560 6 6 1 1 3 18.2088 0.866847 -175.2
 346305564 7 7 1 1 3 18.2088 1.04138 -174.4
 346305568 8 8 1 1 3 18.2088 1.21591 -175.2
 346305572 9 9 1 1 3 18.2088 1.39045 -174.4
 346305576 10 10 1 1 3 18.2088 1.56498 -175.2
 346305580 11 11 1 1 3 18.2088 1.73951 -174.4
 346305584 12 12 1 1 3 18.2088 1.91404 -175.2
 346305588 13 13 1 1 3 18.2088 2.08858 -174.4
 346305592 14 14 1 1 3 18.2088 2.26311 -175.2
 346305596 15 15 1 1 3 18.2088 2.43764 -174.4
 346305600 16 16 1 1 3 18.2088 2.61218 -175.2
 346305604 17 17 1 1 3 18.2088 2.78671 -174.4
 346305608 18 18 1 1 3 18.2088 2.96124 -175.2
 346305612 19 19 1 1 3 18.2088 3.13578 -174.4
 346305616 20 20 1 1 3 18.2088 -2.97288 -175.2
 346305620 21 21 1 1 3 18.2088 -2.79834 -174.4
 346305624 22 22 1 1 3 18.2088 -2.62381 -175.2
 346305628 23 23 1 1 3 18.2088 -2.44928 -174.4
 346305632 24 24 1 1 3 18.2088 -2.27475 -175.2
 346305636 25 25 1 1 3 18.2088 -2.10021 -174.4
 346305640 26 26 1 1 3 18.2088 -1.92568 -175.2
 346305644 27 27 1 1 3 18.2088 -1.75115 -174.4
 346305648 28 28 1 1 3 18.2088 -1.57661 -175.2
 346305652 29 29 1 1 3 18.2088 -1.40208 -174.4
 346305656 30 30 1 1 3 18.2088 -1.22755 -175.2
 346305660 31 31 1 1 3 18.2088 -1.05301 -174.4
 346305664 32 32 1 1 3 18.2088 -0.878482 -175.2
 346305668 33 33 1 1 3 18.2088 -0.703949 -174.4
 346305672 34 34 1 1 3 18.2088 -0.529416 -175.2
 346305676 35 35 1 1 3 18.2088 -0.354883 -174.4
 346305680 36 36 1 1 3 18.2088 -0.18035 -175.2
 346309636 1 1 1 1 4 21.8556 0.148918 -174.8
 346309640 2 2 1 1 4 21.8556 0.291712 -175.6
 346309644 3 3 1 1 4 21.8556 0.434517 -174.8
 346309648 4 4 1 1 4 21.8556 0.577312 -175.6
 346309652 5 5 1 1 4 21.8556 0.720116 -174.8
 346309656 6 6 1 1 4 21.8556 0.862911 -175.6
 346309660 7 7 1 1 4 21.8556 1.00572 -174.8
 346309664 8 8 1 1 4 21.8556 1.14851 -175.6
 346309668 9 9 1 1 4 21.8556 1.29131 -174.8
 346309672 10 10 1 1 4 21.8556 1.43411 -175.6
 346309676 11 11 1 1 4 21.8556 1.57691 -174.8
 346309680 12 12 1 1 4 21.8556 1.71971 -175.6
 346309684 13 13 1 1 4 21.8556 1.86251 -174.8
 346309688 14 14 1 1 4 21.8556 2.00531 -175.6
 346309692 15 15 1 1 4 21.8556 2.14811 -174.8
 346309696 16 16 1 1 4 21.8556 2.29091 -175.6
 346309700 17 17 1 1 4 21.8556 2.43371 -174.8
 346309704 18 18 1 1 4 21.8556 2.57651 -175.6
 346309708 19 19 1 1 4 21.8556 2.71931 -174.8
 346309712 20 20 1 1 4 21.8556 2.86211 -175.6
 346309716 21 21 1 1 4 21.8556 3.00491 -174.8
 346309720 22 22 1 1 4 21.8556 -3.13548 -175.6
 346309724 23 23 1 1 4 21.8556 -2.99268 -174.8
 346309728 24 24 1 1 4 21.8556 -2.84988 -175.6
 346309732 25 25 1 1 4 21.8556 -2.70708 -174.8
 346309736 26 26 1 1 4 21.8556 -2.56428 -175.6
 346309740 27 27 1 1 4 21.8556 -2.42148 -174.8
 346309744 28 28 1 1 4 21.8556 -2.27868 -175.6
 346309748 29 29 1 1 4 21.8556 -2.13588 -174.8
 346309752 30 30 1 1 4 21.8556 -1.99308 -175.6
 346309756 31 31 1 1 4 21.8556 -1.85028 -174.8
 346309760 32 32 1 1 4 21.8556 -1.70748 -175.6
 346309764 33 33 1 1 4 21.8556 -1.56468 -174.8
 346309768 34 34 1 1 4 21.8556 -1.42188 -175.6
 346309772 35 35 1 1 4 21.8556 -1.27908 -174.8
 346309776 36 36 1 1 4 21.8556 -1.13628 -175.6
 346309780 37 37 1 1 4 21.8556 -0.99348 -174.8
 346309784 38 38 1 1 4 21.8556 -0.850685 -175.6
 346309788 39 39 1 1 4 21.8556 -0.70788 -174.8
 346309792 40 40 1 1 4 21.8556 -0.565086 -175.6
 346309796 41 41 1 1 4 21.8556 -0.422281 -174.8
 346309800 42 42 1 1 4 21.8556 -0.279486 -175.6
 346309804 43 43 1 1 4 21.8556 -0.136682 -174.8
 346309808 44 44 1 1 4 21.8556 0.00611301 -175.6
 346313732 1 1 1 1 5 25.4513 -0.00109871 -175.2
 346313736 2 2 1 1 5 25.4513 0.129801 -174.4
 346313740 3 3 1 1 5 25.4513 0.260701 -175.2
 346313744 4 4 1 1 5 25.4513 0.3916 -174.4
 346313748 5 5 1 1 5 25.4513 0.5225 -175.2
 346313752 6 6 1 1 5 25.4513 0.6534 -174.4
 346313756 7 7 1 1 5 25.4513 0.784299 -175.2
 346313760 8 8 1 1 5 25.4513 0.915199 -174.4
 346313764 9 9 1 1 5 25.4513 1.0461 -175.2
 346313768 10 10 1 1 5 25.4513 1.177 -174.4
 346313772 11 11 1 1 5 25.4513 1.3079 -175.2
 346313776 12 12 1 1 5 25.4513 1.4388 -174.4
 346313780 13 13 1 1 5 25.4513 1.5697 -175.2
 346313784 14 14 1 1 5 25.4513 1.7006 -174.4
 346313788 15 15 1 1 5 25.4513 1.8315 -175.2
 346313792 16 16 1 1 5 25.4513 1.9624 -174.4
 346313796 17 17 1 1 5 25.4513 2.0933 -175.2
 346313800 18 18 1 1 5 25.4513 2.2242 -174.4
 346313804 19 19 1 1 5 25.4513 2.3551 -175.2
 346313808 20 20 1 1 5 25.4513 2.486 -174.4
 346313812 21 21 1 1 5 25.4513 2.6169 -175.2
 346313816 22 22 1 1 5 25.4513 2.74779 -174.4
 346313820 23 23 1 1 5 25.4513 2.87869 -175.2
 346313824 24 24 1 1 5 25.4513 3.00959 -174.4
 346313828 25 25 1 1 5 25.4513 3.14049 -175.2
 346313832 26 26 1 1 5 25.4513 -3.01179 -174.4
 346313836 27 27 1 1 5 25.4513 -2.88089 -175.2
 346313840 28 28 1 1 5 25.4513 -2.74999 -174.4
 346313844 29 29 1 1 5 25.4513 -2.61909 -175.2
 346313848 30 30 1 1 5 25.4513 -2.48819 -174.4
 346313852 31 31 1 1 5 25.4513 -2.35729 -175.2
 346313856 32 32 1 1 5 25.4513 -2.22639 -174.4
 346313860 33 33 1 1 5 25.4513 -2.09549 -175.2
 346313864 34 34 1 1 5 25.4513 -1.96459 -174.4
 346313868 35 35 1 1 5 25.4513 -1.83369 -175.2
 346313872 36 36 1 1 5 25.4513 -1.70279 -174.4
 346313876 37 37 1 1 5 25.4513 -1.5719 -175.2
 346313880 38 38 1 1 5 25.4513 -1.441 -174.4
 346313884 39 39 1 1 5 25.4513 -1.3101 -175.2
 346313888 40 40 1 1 5 25.4513 -1.1792 -174.4
 346313892 41 41 1 1 5 25.4513 -1.0483 -175.2
 346313896 42 42 1 1 5 25.4513 -0.917397 -174.4
 346313900 43 43 1 1 5 25.4513 -0.786497 -175.2
 346313904 44 44 1 1 5 25.4513 -0.655597 -174.4
 346313908 45 45 1 1 5 25.4513 -0.524697 -175.2
 346313912 46 46 1 1 5 25.4513 -0.393798 -174.4
 346313916 47 47 1 1 5 25.4513 -0.262898 -175.2
 346313920 48 48 1 1 5 25.4513 -0.131998 -174.4
 346559492 1 1 1 2 1 10.7688 -0.000741215 -200.359
 346559496 2 2 1 2 1 10.7688 0.313418 -201.159
 346559500 3 3 1 2 1 10.7688 0.627577 -200.359
 346559504 4 4 1 2 1 10.7688 0.941737 -201.159
 346559508 5 5 1 2 1 10.7688 1.2559 -200.359
 346559512 6 6 1 2 1 10.7688 1.57006 -201.159
 346559516 7 7 1 2 1 10.7688 1.88421 -200.359
 346559520 8 8 1 2 1 10.7688 2.19837 -201.159
 346559524 9 9 1 2 1 10.7688 2.51253 -200.359
 346559528 10 10 1 2 1 10.7688 2.82669 -201.159
 346559532 11 11 1 2 1 10.7688 3.14085 -200.359
 346559536 12 12 1 2 1 10.7688 -2.82817 -201.159
 346559540 13 13 1 2 1 10.7688 -2.51402 -200.359
 346559544 14 14 1 2 1 10.7688 -2.19986 -201.159
 346559548 15 15 1 2 1 10.7688 -1.8857 -200.359
 346559552 16 16 1 2 1 10.7688 -1.57154 -201.159
 346559556 17 17 1 2 1 10.7688 -1.25738 -200.359
 346559560 18 18 1 2 1 10.7688 -0.943219 -201.159
 346559564 19 19 1 2 1 10.7688 -0.62906 -200.359
 346559568 20 20 1 2 1 10.7688 -0.3149 -201.159
 346563588 1 1 1 2 2 14.4991 0.229197 -200.759
 346563592 2 2 1 2 2 14.4991 0.453592 -201.559
 346563596 3 3 1 2 2 14.4991 0.677996 -200.759
 346563600 4 4 1 2 2 14.4991 0.902391 -201.559
 346563604 5 5 1 2 2 14.4991 1.1268 -200.759
 346563608 6 6 1 2 2 14.4991 1.35119 -201.559
 346563612 7 7 1 2 2 14.4991 1.57559 -200.759
 346563616 8 8 1 2 2 14.4991 1.79999 -201.559
 346563620 9 9 1 2 2 14.4991 2.02439 -200.759
 346563624 10 10 1 2 2 14.4991 2.24879 -201.559
 346563628 11 11 1 2 2 14.4991 2.47319 -200.759
 346563632 12 12 1 2 2 14.4991 2.69759 -201.559
 346563636 13 13 1 2 2 14.4991 2.92199 -200.759
 346563640 14 14 1 2 2 14.4991 -3.1368 -201.559
 346563644 15 15 1 2 2 14.4991 -2.9124 -200.759
 346563648 16 16 1 2 2 14.4991 -2.688 -201.559
 346563652 17 17 1 2 2 14.4991 -2.4636 -200.759
 346563656 18 18 1 2 2 14.4991 -2.2392 -201.559
 346563660 19 19 1 2 2 14.4991 -2.0148 -200.759
 346563664 20 20 1 2 2 14.4991 -1.7904 -201.559
 346563668 21 21 1 2 2 14.4991 -1.566 -200.759
 346563672 22 22 1 2 2 14.4991 -1.3416 -201.559
 346563676 23 23 1 2 2 14.4991 -1.1172 -200.759
 346563680 24 24 1 2 2 14.4991 -0.892805 -201.559
 346563684 25 25 1 2 2 14.4991 -0.668401 -200.759
 346563688 26 26 1 2 2 14.4991 -0.444006 -201.559
 346563692 27 27 1 2 2 14.4991 -0.219602 -200.759
 346563696 28 28 1 2 2 14.4991 0.00479322 -201.559
 346567684 1 1 1 2 3 18.2088 -0.00581732 -200.359
 346567688 2 2 1 2 3 18.2088 0.168716 -201.159
 346567692 3 3 1 2 3 18.2088 0.343249 -200.359
 346567696 4 4 1 2 3 18.2088 0.517781 -201.159
 346567700 5 5 1 2 3 18.2088 0.692314 -200.359
 346567704 6 6 1 2 3 18.2088 0.866847 -201.159
 346567708 7 7 1 2 3 18.2088 1.04138 -200.359
 346567712 8 8 1 2 3 18.2088 1.21591 -201.159
 346567716 9 9 1 2 3 18.2088 1.39045 -200.359
 346567720 10 10 1 2 3 18.2088 1.56498 -201.159
 346567724 11 11 1 2 3 18.2088 1.73951 -200.359
 346567728 12 12 1 2 3 18.2088 1.91404 -201.159
 346567732 13 13 1 2 3 18.2088 2.08858 -200.359
 346567736 14 14 1 2 3 18.2088 2.26311 -201.159
 346567740 15 15 1 2 3 18.2088 2.43764 -200.359
 346567744 16 16 1 2 3 18.2088 2.61218 -201.159
 346567748 17 17 1 2 3 18.2088 2.78671 -200.359
 346567752 18 18 1 2 3 18.2088 2.96124 -201.159
 346567756 19 19 1 2 3 18.2088 3.13578 -200.359
 346567760 20 20 1 2 3 18.2088 -2.97288 -201.159
 346567764 21 21 1 2 3 18.2088 -2.79834 -200.359
 346567768 22 22 1 2 3 18.2088 -2.62381 -201.159
 346567772 23 23 1 2 3 18.2088 -2.44928 -200.359
 346567776 24 24 1 2 3 18.2088 -2.27475 -201.159
 346567780 25 25 1 2 3 18.2088 -2.10021 -200.359
 346567784 26 26 1 2 3 18.2088 -1.92568 -201.159
 346567788 27 27 1 2 3 18.2088 -1.75115 -200.359
 346567792 28 28 1 2 3 18.2088 -1.57661 -201.159
 346567796 29 29 1 2 3 18.2088 -1.40208 -200.359
 346567800 30 30 1 2 3 18.2088 -1.22755 -201.159
 346567804 31 31 1 2 3 18.2088 -1.05301 -200.359
 346567808 32 32 1 2 3 18.2088 -0.878482 -201.159
 346567812 33 33 1 2 3 18.2088 -0.703949 -200.359
 346567816 34 34 1 2 3 18.2088 -0.529416 -201.159
 346567820 35 35 1 2 3 18.2088 -0.354883 -200.359
 346567824 36 36 1 2 3 18.2088 -0.18035 -201.159
 346571780 1 1 1 2 4 21.8556 0.148918 -200.759
 346571784 2 2 1 2 4 21.8556 0.291712 -201.559
 346571788 3 3 1 2 4 21.8556 0.434517 -200.759
 346571792 4 4 1 2 4 21.8556 0.577312 -201.559
 346571796 5 5 1 2 4 21.8556 0.720116 -200.759
 346571800 6 6 1 2 4 21.8556 0.862911 -201.559
 346571804 7 7 1 2 4 21.8556 1.00572 -200.759
 346571808 8 8 1 2 4 21.8556 1.14851 -201.559
 346571812 9 9 1 2 4 21.8556 1.29131 -200.759
 346571816 10 10 1 2 4 21.8556 1.43411 -201.559
 346571820 11 11 1 2 4 21.8556 1.57691 -200.759
 346571824 12 12 1 2 4 21.8556 1.71971 -201.559
 346571828 13 13 1 2 4 21.8556 1.86251 -200.759
 346571832 14 14 1 2 4 21.8556 2.00531 -201.559
 346571836 15 15 1 2 4 21.8556 2.14811 -200.759
 346571840 16 16 1 2 4 21.8556 2.29091 -201.559
 346571844 17 17 1 2 4 21.8556 2.43371 -200.759
 346571848 18 18 1 2 4 21.8556 2.57651 -201.559
 346571852 19 19 1 2 4 21.8556 2.71931 -200.759
 346571856 20 20 1 2 4 21.8556 2.86211 -201.559
 346571860 21 21 1 2 4 21.8556 3.00491 -200.759
 346571864 22 22 1 2 4 21.8556 -3.13548 -201.559
 346571868 23 23 1 2 4 21.8556 -2.99268 -200.759
 346571872 24 24 1 2 4 21.8556 -2.84988 -201.559
 346571876 25 25 1 2 4 21.8556 -2.70708 -200.759
 346571880 26 26 1 2 4 21.8556 -2.56428 -201.559
 346571884 27 27 1 2 4 21.8556 -2.42148 -200.759
 346571888 28 28 1 2 4 21.8556 -2.27868 -201.559
 346571892 29 29 1 2 4 21.8556 -2.13588 -200.759
 346571896 30 30 1 2 4 21.8556 -1.99308 -201.559
 346571900 31 31 1 2 4 21.8556 -1.85028 -200.759
 346571904 32 32 1 2 4 21.8556 -1.70748 -201.559
 346571908 33 33 1 2 4 21.8556 -1.56468 -200.759
 346571912 34 34 1 2 4 21.8556 -1.42188 -201.559
 346571916 35 35 1 2 4 21.8556 -1.27908 -200.759
 346571920 36 36 1 2 4 21.8556 -1.13628 -201.559
 346571924 37 37 1 2 4 21.8556 -0.99348 -200.759
 346571928 38 38 1 2 4 21.8556 -0.850685 -201.559
 346571932 39 39 1 2 4 21.8556 -0.70788 -200.759
 346571936 40 40 1 2 4 21.8556 -0.565086 -201.559
 346571940 41 41 1 2 4 21.8556 -0.422281 -200.759
 346571944 42 42 1 2 4 21.8556 -0.279486 -201.559
 346571948 43 43 1 2 4 21.8556 -0.136682 -200.759
 346571952 44 44 1 2 4 21.8556 0.00611301 -201.559
 346575876 1 1 1 2 5 25.4513 -0.00109871 -201.159
 346575880 2 2 1 2 5 25.4513 0.129801 -200.359
 346575884 3 3 1 2 5 25.4513 0.260701 -201.159
 346575888 4 4 1 2 5 25.4513 0.3916 -200.359
 346575892 5 5 1 2 5 25.4513 0.5225 -201.159
 346575896 6 6 1 2 5 25.4513 0.6534 -200.359
 346575900 7 7 1 2 5 25.4513 0.784299 -201.159
 346575904 8 8 1 2 5 25.4513 0.915199 -200.359
 346575908 9 9 1 2 5 25.4513 1.0461 -201.159
 346575912 10 10 1 2 5 25.4513 1.177 -200.359
 346575916 11 11 1 2 5 25.4513 1.3079 -201.159
 346575920 12 12 1 2 5 25.4513 1.4388 -200.359
 346575924 13 13 1 2 5 25.4513 1.5697 -201.159
 346575928 14 14 1 2 5 25.4513 1.7006 -200.359
 346575932 15 15 1 2 5 25.4513 1.8315 -201.159
 346575936 16 16 1 2 5 25.4513 1.9624 -200.359
 346575940 17 17 1 2 5 25.4513 2.0933 -201.159
 346575944 18 18 1 2 5 25.4513 2.2242 -200.359
 346575948 19 19 1 2 5 25.4513 2.3551 -201.159
 346575952 20 20 1 2 5 25.4513 2.486 -200.359
 346575956 21 21 1 2 5 25.4513 2.6169 -201.159
 346575960 22 22 1 2 5 25.4513 2.74779 -200.359
 346575964 23 23 1 2 5 25.4513 2.87869 -201.159
 346575968 24 24 1 2 5 25.4513 3.00959 -200.359
 346575972 25 25 1 2 5 25.4513 3.14049 -201.159
 346575976 26 26 1 2 5 25.4513 -3.01179 -200.359
 346575980 27 27 1 2 5 25.4513 -2.88089 -201.159
 346575984 28 28 1 2 5 25.4513 -2.74999 -200.359
 346575988 29 29 1 2 5 25.4513 -2.61909 -201.159
 346575992 30 30 1 2 5 25.4513 -2.48819 -200.359
 346575996 31 31 1 2 5 25.4513 -2.35729 -201.159
 346576000 32 32 1 2 5 25.4513 -2.22639 -200.359
 346576004 33 33 1 2 5 25.4513 -2.09549 -201.159
 346576008 34 34 1 2 5 25.4513 -1.96459 -200.359
 346576012 35 35 1 2 5 25.4513 -1.83369 -201.159
 346576016 36 36 1 2 5 25.4513 -1.70279 -200.359
 346576020 37 37 1 2 5 25.4513 -1.5719 -201.159
 346576024 38 38 1 2 5 25.4513 -1.441 -200.359
 346576028 39 39 1 2 5 25.4513 -1.3101 -201.159
 346576032 40 40 1 2 5 25.4513 -1.1792 -200.359
 346576036 41 41 1 2 5 25.4513 -1.0483 -201.159
 346576040 42 42 1 2 5 25.4513 -0.917397 -200.359
 346576044 43 43 1 2 5 25.4513 -0.786497 -201.159
 346576048 44 44 1 2 5 25.4513 -0.655597 -200.359
 346576052 45 45 1 2 5 25.4513 -0.524697 -201.159
 346576056 46 46 1 2 5 25.4513 -0.393798 -200.359
 346576060 47 47 1 2 5 25.4513 -0.262898 -201.159
 346576064 48 48 1 2 5 25.4513 -0.131998 -200.359
 346821636 1 1 1 3 1 10.7688 -0.000741215 -230.169
 346821640 2 2 1 3 1 10.7688 0.313418 -230.969
 346821644 3 3 1 3 1 10.7688 0.627577 -230.169
 346821648 4 4 1 3 1 10.7688 0.941737 -230.969
 346821652 5 5 1 3 1 10.7688 1.2559 -230.169
 346821656 6 6 1 3 1 10.7688 1.57006 -230.969
 346821660 7 7 1 3 1 10.7688 1.88421 -230.169
 346821664 8 8 1 3 1 10.7688 2.19837 -230.969
 346821668 9 9 1 3 1 10.7688 2.51253 -230.169
 346821672 10 10 1 3 1 10.7688 2.82669 -230.969
 346821676 11 11 1 3 1 10.7688 3.14085 -230.169
 346821680 12 12 1 3 1 10.7688 -2.82817 -230.969
 346821684 13 13 1 3 1 10.7688 -2.51402 -230.169
 346821688 14 14 1 3 1 10.7688 -2.19986 -230.969
 346821692 15 15 1 3 1 10.7688 -1.8857 -230.169
 346821696 16 16 1 3 1 10.7688 -1.57154 -230.969
 346821700 17 17 1 3 1 10.7688 -1.25738 -230.169
 346821704 18 18 1 3 1 10.7688 -0.943219 -230.969
 346821708 19 19 1 3 1 10.7688 -0.62906 -230.169
 346821712 20 20 1 3 1 10.7688 -0.3149 -230.969
 346825732 1 1 1 3 2 14.4991 0.229197 -230.569
 346825736 2 2 1 3 2 14.4991 0.453592 -231.369
 346825740 3 3 1 3 2 14.4991 0.677996 -230.569
 346825744 4 4 1 3 2 14.4991 0.902391 -231.369
 346825748 5 5 1 3 2 14.4991 1.1268 -230.569
 346825752 6 6 1 3 2 14.4991 1.35119 -231.369
 346825756 7 7 1 3 2 14.4991 1.57559 -230.569
 346825760 8 8 1 3 2 14.4991 1.79999 -231.369
 346825764 9 9 1 3 2 14.4991 2.02439 -230.569
 346825768 10 10 1 3 2 14.4991 2.24879 -231.369
 346825772 11 11 1 3 2 14.4991 2.47319 -230.569
 346825776 12 12 1 3 2 14.4991 2.69759 -231.369
 346825780 13 13 1 3 2 14.4991 2.92199 -230.569
 346825784 14 14 1 3 2 14.4991 -3.1368 -231.369
 346825788 15 15 1 3 2 14.4991 -2.9124 -230.569
 346825792 16 16 1 3 2 14.4991 -2.688 -231.369
 346825796 17 17 1 3 2 14.4991 -2.4636 -230.569
 346825800 18 18 1 3 2 14.4991 -2.2392 -231.369
 346825804 19 19 1 3 2 14.4991 -2.0148 -230.569
 346825808 20 20 1 3 2 14.4991 -1.7904 -231.369
 346825812 21 21 1 3 2 14.4991 -1.566 -230.569
 346825816 22 22 1 3 2 14.4991 -1.3416 -231.369
 346825820 23 23 1 3 2 14.4991 -1.1172 -230.569
 346825824 24 24 1 3 2 14.4991 -0.892805 -231.369
 346825828 25 25 1 3 2 14.4991 -0.668401 -230.569
 346825832 26 26 1 3 2 14.4991 -0.444006 -231.369
 346825836 27 27 1 3 2 14.4991 -0.219602 -230.569
 346825840 28 28 1 3 2 14.4991 0.00479322 -231.369
 346829828 1 1 1 3 3 18.2088 -0.00581732 -230.169
 346829832 2 2 1 3 3 18.2088 0.168716 -230.969
 346829836 3 3 1 3 3 18.2088 0.343249 -230.169
 346829840 4 4 1 3 3 18.2088 0.517781 -230.969
 346829844 5 5 1 3 3 18.2088 0.692314 -230.169
 346829848 6 6 1 3 3 18.2088 0.866847 -230.969
 346829852 7 7 1 3 3 18.2088 1.04138 -230.169
 346829856 8 8 1 3 3 18.2088 1.21591 -230.969
 346829860 9 9 1 3 3 18.2088 1.39045 -230.169
 346829864 10 10 1 3 3 18.2088 1.56498 -230.969
 346829868 11 11 1 3 3 18.2088 1.73951 -230.169
 346829872 12 12 1 3 3 18.2088 1.91404 -230.969
 346829876 13 13 1 3 3 18.2088 2.08858 -230.169
 346829880 14 14 1 3 3 18.2088 2.26311 -230.969
 346829884 15 15 1 3 3 18.2088 2.43764 -230.169
 346829888 16 16 1 3 3 18.2088 2.61218 -230.969
 346829892 17 17 1 3 3 18.2088 2.78671 -230.169
 346829896 18 18 1 3 3 18.2088 2.96124 -230.969
 346829900 19 19 1 3 3 18.2088 3.13578 -230.169
 346829904 20 20 1 3 3 18.2088 -2.97288 -230.969
 346829908 21 21 1 3 3 18.2088 -2.79834 -230.169
 346829912 22 22 1 3 3 18.2088 -2.62381 -230.969
 346829916 23 23 1 3 3 18.2088 -2.44928 -230.169
 346829920 24 24 1 3 3 18.2088 -2.27475 -230.969
 346829924 25 25 1 3 3 18.2088 -2.10021 -230.169
 346829928 26 26 1 3 3 18.2088 -1.92568 -230.969
 346829932 27 27 1 3 3 18.2088 -1.75115 -230.169
 346829936 28 28 1 3 3 18.2088 -1.57661 -230.969
 346829940 29 29 1 3 3 18.2088 -1.40208 -230.169
 346829944 30 30 1 3 3 18.2088 -1.22755 -230.969
 346829948 31 31 1 3 3 18.2088 -1.05301 -230.169
 346829952 32 32 1 3 3 18.2088 -0.878482 -230.969
 346829956 33 33 1 3 3 18.2088 -0.703949 -230.169
 346829960 34 34 1 3 3 18.2088 -0.529416 -230.969
 346829964 35 35 1 3 3 18.2088 -0.354883 -230.169
 346829968 36 36 1 3 3 18.2088 -0.18035 -230.969
 346833924 1 1 1 3 4 21.8556 0.148918 -230.569
 346833928 2 2 1 3 4 21.8556 0.291712 -231.369
 346833932 3 3 1 3 4 21.8556 0.434517 -230.569
 346833936 4 4 1 3 4 21.8556 0.577312 -231.369
 346833940 5 5 1 3 4 21.8556 0.720116 -230.569
 346833944 6 6 1 3 4 21.8556 0.862911 -231.369
 346833948 7 7 1 3 4 21.8556 1.00572 -230.569
 346833952 8 8 1 3 4 21.8556 1.14851 -231.369
 346833956 9 9 1 3 4 21.8556 1.29131 -230.569
 346833960 10 10 1 3 4 21.8556 1.43411 -231.369
 346833964 11 11 1 3 4 21.8556 1.57691 -230.569
 346833968 12 12 1 3 4 21.8556 1.71971 -231.369
 346833972 13 13 1 3 4 21.8556 1.86251 -230.569
 346833976 14 14 1 3 4 21.8556 2.00531 -231.369
 346833980 15 15 1 3 4 21.8556 2.14811 -230.569
 346833984 16 16 1 3 4 21.8556 2.29091 -231.369
 346833988 17 17 1 3 4 21.8556 2.43371 -230.569
 346833992 18 18 1 3 4 21.8556 2.57651 -231.369
 346833996 19 19 1 3 4 21.8556 2.71931 -230.569
 346834000 20 20 1 3 4 21.8556 2.86211 -231.369
 346834004 21 21 1 3 4 21.8556 3.00491 -230.569
 346834008 22 22 1 3 4 21.8556 -3.13548 -231.369
 346834012 23 23 1 3 4 21.8556 -2.99268 -230.569
 346834016 24 24 1 3 4 21.8556 -2.84988 -231.369
 346834020 25 25 1 3 4 21.8556 -2.70708 -230.569
 346834024 26 26 1 3 4 21.8556 -2.56428 -231.369
 346834028 27 27 1 3 4 21.8556 -2.42148 -230.569
 346834032 28 28 1 3 4 21.8556 -2.27868 -231.369
 346834036 29 29 1 3 4 21.8556 -2.13588 -230.569
 346834040 30 30 1 3 4 21.8556 -1.99308 -231.369
 346834044 31 31 1 3 4 21.8556 -1.85028 -230.569
 346834048 32 32 1 3 4 21.8556 -1.70748 -231.369
 346834052 33 33 1 3 4 21.8556 -1.56468 -230.569
 346834056 34 34 1 3 4 21.8556 -1.42188 -231.369
 346834060 35 35 1 3 4 21.8556 -1.27908 -230.569
 346834064 36 36 1 3 4 21.8556 -1.13628 -231.369
 346834068 37 37 1 3 4 21.8556 -0.99348 -230.569
 346834072 38 38 1 3 4 21.8556 -0.850685 -231.369
 346834076 39 39 1 3 4 21.8556 -0.70788 -230.569
 346834080 40 40 1 3 4 21.8556 -0.565086 -231.369
 346834084 41 41 1 3 4 21.8556 -0.422281 -230.569
 346834088 42 42 1 3 4 21.8556 -0.279486 -231.369
 346834092 43 43 1 3 4 21.8556 -0.136682 -230.569
 346834096 44 44 1 3 4 21.8556 0.00611301 -231.369
 346838020 1 1 1 3 5 25.4513 -0.00109871 -230.969
 346838024 2 2 1 3 5 25.4513 0.129801 -230.169
 346838028 3 3 1 3 5 25.4513 0.260701 -230.969
 346838032 4 4 1 3 5 25.4513 0.3916 -230.169
 346838036 5 5 1 3 5 25.4513 0.5225 -230.969
 346838040 6 6 1 3 5 25.4513 0.6534 -230.169
 346838044 7 7 1 3 5 25.4513 0.784299 -230.969
 346838048 8 8 1 3 5 25.4513 0.915199 -230.169
 346838052 9 9 1 3 5 25.4513 1.0461 -230.969
 346838056 10 10 1 3 5 25.4513 1.177 -230.169
 346838060 11 11 1 3 5 25.4513 1.3079 -230.969
 346838064 12 12 1 3 5 25.4513 1.4388 -230.169
 346838068 13 13 1 3 5 25.4513 1.5697 -230.969
 346838072 14 14 1 3 5 25.4513 1.7006 -230.169
 346838076 15 15 1 3 5 25.4513 1.8315 -230.969
 346838080 16 16 1 3 5 25.4513 1.9624 -230.169
 346838084 17 17 1 3 5 25.4513 2.0933 -230.969
 346838088 18 18 1 3 5 25.4513 2.2242 -230.169
 346838092 19 19 1 3 5 25.4513 2.3551 -230.969
 346838096 20 20 1 3 5 25.4513 2.486 -230.169
 346838100 21 21 1 3 5 25.4513 2.6169 -230.969
 346838104 22 22 1 3 5 25.4513 2.74779 -230.169
 346838108 23 23 1 3 5 25.4513 2.87869 -230.969
 346838112 24 24 1 3 5 25.4513 3.00959 -230.169
 346838116 25 25 1 3 5 25.4513 3.14049 -230.969
 346838120 26 26 1 3 5 25.4513 -3.01179 -230.169
 346838124 27 27 1 3 5 25.4513 -2.88089 -230.969
 346838128 28 28 1 3 5 25.4513 -2.74999 -230.169
 346838132 29 29 1 3 5 25.4513 -2.61909 -230.969
 346838136 30 30 1 3 5 25.4513 -2.48819 -230.169
 346838140 31 31 1 3 5 25.4513 -2.35729 -230.969
 346838144 32 32 1 3 5 25.4513 -2.22639 -230.169
 346838148 33 33 1 3 5 25.4513 -2.09549 -230.969
 346838152 34 34 1 3 5 25.4513 -1.96459 -230.169
 346838156 35 35 1 3 5 25.4513 -1.83369 -230.969
 346838160 36 36 1 3 5 25.4513 -1.70279 -230.169
 346838164 37 37 1 3 5 25.4513 -1.5719 -230.969
 346838168 38 38 1 3 5 25.4513 -1.441 -230.169
 346838172 39 39 1 3 5 25.4513 -1.3101 -230.969
 346838176 40 40 1 3 5 25.4513 -1.1792 -230.169
 346838180 41 41 1 3 5 25.4513 -1.0483 -230.969
 346838184 42 42 1 3 5 25.4513 -0.917397 -230.169
 346838188 43 43 1 3 5 25.4513 -0.786497 -230.969
 346838192 44 44 1 3 5 25.4513 -0.655597 -230.169
 346838196 45 45 1 3 5 25.4513 -0.524697 -230.969
 346838200 46 46 1 3 5 25.4513 -0.393798 -230.169
 346838204 47 47 1 3 5 25.4513 -0.262898 -230.969
 346838208 48 48 1 3 5 25.4513 -0.131998 -230.169
 347083780 1 1 1 4 1 10.7688 -0.000741215 -264.4
 347083784 2 2 1 4 1 10.7688 0.313418 -265.2
 347083788 3 3 1 4 1 10.7688 0.627577 -264.4
 347083792 4 4 1 4 1 10.7688 0.941737 -265.2
 347083796 5 5 1 4 1 10.7688 1.2559 -264.4
 347083800 6 6 1 4 1 10.7688 1.57006 -265.2
 347083804 7 7 1 4 1 10.7688 1.88421 -264.4
 347083808 8 8 1 4 1 10.7688 2.19837 -265.2
 347083812 9 9 1 4 1 10.7688 2.51253 -264.4
 347083816 10 10 1 4 1 10.7688 2.82669 -265.2
 347083820 11 11 1 4 1 10.7688 3.14085 -264.4
 347083824 12 12 1 4 1 10.7688 -2.82817 -265.2
 347083828 13 13 1 4 1 10.7688 -2.51402 -264.4
 347083832 14 14 1 4 1 10.7688 -2.19986 -265.2
 347083836 15 15 1 4 1 10.7688 -1.8857 -264.4
 347083840 16 16 1 4 1 10.7688 -1.57154 -265.2
 347083844 17 17 1 4 1 10.7688 -1.25738 -264.4
 347083848 18 18 1 4 1 10.7688 -0.943219 -265.2
 347083852 19 19 1 4 1 10.7688 -0.62906 -264.4
 347083856 20 20 1 4 1 10.7688 -0.3149 -265.2
 347087876 1 1 1 4 2 14.4991 0.229197 -264.8
 347087880 2 2 1 4 2 14.4991 0.453592 -265.6
 347087884 3 3 1 4 2 14.4991 0.677996 -264.8
 347087888 4 4 1 4 2 14.4991 0.902391 -265.6
 347087892 5 5 1 4 2 14.4991 1.1268 -264.8
 347087896 6 6 1 4 2 14.4991 1.35119 -265.6
 347087900 7 7 1 4 2 14.4991 1.57559 -264.8
 347087904 8 8 1 4 2 14.4991 1.79999 -265.6
 347087908 9 9 1 4 2 14.4991 2.02439 -264.8
 347087912 10 10 1 4 2 14.4991 2.24879 -265.6
 347087916 11 11 1 4 2 14.4991 2.47319 -264.8
 347087920 12 12 1 4 2 14.4991 2.69759 -265.6
 347087924 13 13 1 4 2 14.4991 2.92199 -264.8
 347087928 14 14 1 4 2 14.4991 -3.1368 -265.6
 347087932 15 15 1 4 2 14.4991 -2.9124 -264.8
 347087936 16 16 1 4 2 14.4991 -2.688 -265.6
 347087940 17 17 1 4 2 14.4991 -2.4636 -264.8
 347087944 18 18 1 4 2 14.4991 -2.2392 -265.6
 347087948 19 19 1 4 2 14.4991 -2.0148 -264.8
 347087952 20 20 1 4 2 14.4991 -1.7904 -265.6
 347087956 21 21 1 4 2 14.4991 -1.566 -264.8
 347087960 22 22 1 4 2 14.4991 -1.3416 -265.6
 347087964 23 23 1 4 2 14.4991 -1.1172 -264.8
 347087968 24 24 1 4 2 14.4991 -0.892805 -265.6
 347087972 25 25 1 4 2 14.4991 -0.668401 -264.8
 347087976 26 26 1 4 2 14.4991 -0.444006 -265.6
 347087980 27 27 1 4 2 14.4991 -0.219602 -264.8
 347087984 28 28 1 4 2 14.4991 0.00479322 -265.6
 347091972 1 1 1 4 3 18.2088 -0.00581732 -264.4
 347091976 2 2 1 4 3 18.2088 0.168716 -265.2
 347091980 3 3 1 4 3 18.2088 0.343249 -264.4
 347091984 4 4 1 4 3 18.2088 0.517781 -265.2
 347091988 5 5 1 4 3 18.2088 0.692314 -264.4
 347091992 6 6 1 4 3 18.2088 0.866847 -265.2
 347091996 7 7 1 4 3 18.2088 1.04138 -264.4
 347092000 8 8 1 4 3 18.2088 1.21591 -265.2
 347092004 9 9 1 4 3 18.2088 1.39045 -264.4
 347092008 10 10 1 4 3 18.2088 1.56498 -265.2
 347092012 11 11 1 4 3 18.2088 1.73951 -264.4
 347092016 12 12 1 4 3 18.2088 1.91404 -265.2
 347092020 13 13 1 4 3 18.2088 2.08858 -264.4
 347092024 14 14 1 4 3 18.2088 2.26311 -265.2
 347092028 15 15 1 4 3 18.2088 2.43764 -264.4
 347092032 16 16 1 4 3 18.2088 2.61218 -265.2
 347092036 17 17 1 4 3 18.2088 2.78671 -264.4
 347092040 18 18 1 4 3 18.2088 2.96124 -265.2
 347092044 19 19 1 4 3 18.2088 3.13578 -264.4
 347092048 20 20 1 4 3 18.2088 -2.97288 -265.2
 347092052 21 21 1 4 3 18.2088 -2.79834 -264.4
 347092056 22 22 1 4 3 18.2088 -2.62381 -265.2
 347092060 23 23 1 4 3 18.2088 -2.44928 -264.4
 347092064 24 24 1 4 3 18.2088 -2.27475 -265.2
 347092068 25 25 1 4 3 18.2088 -2.10021 -264.4
 347092072 26 26 1 4 3 18.2088 -1.92568 -265.2
 347092076 27 27 1 4 3 18.2088 -1.75115 -264.4
 347092080 28 28 1 4 3 18.2088 -1.57661 -265.2
 347092084 29 29 1 4 3 18.2088 -1.40208 -264.4
 347092088 30 30 1 4 3 18.2088 -1.22755 -265.2
 347092092 31 31 1 4 3 18.2088 -1.05301 -264.4
 347092096 32 32 1 4 3 18.2088 -0.878482 -265.2
 347092100 33 33 1 4 3 18.2088 -0.703949 -264.4
 347092104 34 34 1 4 3 18.2088 -0.529416 -265.2
 347092108 35 35 1 4 3 18.2088 -0.354883 -264.4
 347092112 36 36 1 4 3 18.2088 -0.18035 -265.2
 347096068 1 1 1 4 4 21.8556 0.148918 -264.8
 347096072 2 2 1 4 4 21.8556 0.291712 -265.6
 347096076 3 3 1 4 4 21.8556 0.434517 -264.8
 347096080 4 4 1 4 4 21.8556 0.577312 -265.6
 347096084 5 5 1 4 4 21.8556 0.720116 -264.8
 347096088 6 6 1 4 4 21.8556 0.862911 -265.6
 347096092 7 7 1 4 4 21.8556 1.00572 -264.8
 347096096 8 8 1 4 4 21.8556 1.14851 -265.6
 347096100 9 9 1 4 4 21.8556 1.29131 -264.8
 347096104 10 10 1 4 4 21.8556 1.43411 -265.6
 347096108 11 11 1 4 4 21.8556 1.57691 -264.8
 347096112 12 12 1 4 4 21.8556 1.71971 -265.6
 347096116 13 13 1 4 4 21.8556 1.86251 -264.8
 347096120 14 14 1 4 4 21.8556 2.00531 -265.6
 347096124 15 15 1 4 4 21.8556 2.14811 -264.8
 347096128 16 16 1 4 4 21.8556 2.29091 -265.6
 347096132 17 17 1 4 4 21.8556 2.43371 -264.8
 347096136 18 18 1 4 4 21.8556 2.57651 -265.6
 347096140 19 19 1 4 4 21.8556 2.71931 -264.8
 347096144 20 20 1 4 4 21.8556 2.86211 -265.6
 347096148 21 21 1 4 4 21.8556 3.00491 -264.8
 347096152 22 22 1 4 4 21.8556 -3.13548 -265.6
 347096156 23 23 1 4 4 21.8556 -2.99268 -264.8
 347096160 24 24 1 4 4 21.8556 -2.84988 -265.6
 347096164 25 25 1 4 4 21.8556 -2.70708 -264.8
 347096168 26 26 1 4 4 21.8556 -2.56428 -265.6
 347096172 27 27 1 4 4 21.8556 -2.42148 -264.8
 347096176 28 28 1 4 4 21.8556 -2.27868 -265.6
 347096180 29 29 1 4 4 21.8556 -2.13588 -264.8
 347096184 30 30 1 4 4 21.8556 -1.99308 -265.6
 347096188 31 31 1 4 4 21.8556 -1.85028 -264.8
 347096192 32 32 1 4 4 21.8556 -1.70748 -265.6
 347096196 33 33 1 4 4 21.8556 -1.56468 -264.8
 347096200 34 34 1 4 4 21.8556 -1.42188 -265.6
 347096204 35 35 1 4 4 21.8556 -1.27908 -264.8
 347096208 36 36 1 4 4 21.8556 -1.13628 -265.6
 347096212 37 37 1 4 4 21.8556 -0.99348 -264.8
 347096216 38 38 1 4 4 21.8556 -0.850685 -265.6
 347096220 39 39 1 4 4 21.8556 -0.70788 -264.8
 347096224 40 40 1 4 4 21.8556 -0.565086 -265.6
 347096228 41 41 1 4 4 21.8556 -0.422281 -264.8
 347096232 42 42 1 4 4 21.8556 -0.279486 -265.6
 347096236 43 43 1 4 4 21.8556 -0.136682 -264.8
 347096240 44 44 1 4 4 21.8556 0.00611301 -265.6
 347100164 1 1 1 4 5 25.4513 -0.00109871 -265.2
 347100168 2 2 1 4 5 25.4513 0.129801 -264.4
 347100172 3 3 1 4 5 25.4513 0.260701 -265.2
 347100176 4 4 1 4 5 25.4513 0.3916 -264.4
 347100180 5 5 1 4 5 25.4513 0.5225 -265.2
 347100184 6 6 1 4 5 25.4513 0.6534 -264.4
 347100188 7 7 1 4 5 25.4513 0.784299 -265.2
 347100192 8 8 1 4 5 25.4513 0.915199 -264.4
 347100196 9 9 1 4 5 25.4513 1.0461 -265.2
 347100200 10 10 1 4 5 25.4513 1.177 -264.4
 347100204 11 11 1 4 5 25.4513 1.3079 -265.2
 347100208 12 12 1 4 5 25.4513 1.4388 -264.4
 347100212 13 13 1 4 5 25.4513 1.5697 -265.2
 347100216 14 14 1 4 5 25.4513 1.7006 -264.4
 347100220 15 15 1 4 5 25.4513 1.8315 -265.2
 347100224 16 16 1 4 5 25.4513 1.9624 -264.4
 347100228 17 17 1 4 5 25.4513 2.0933 -265.2
 347100232 18 18 1 4 5 25.4513 2.2242 -264.4
 347100236 19 19 1 4 5 25.4513 2.3551 -265.2
 347100240 20 20 1 4 5 25.4513 2.486 -264.4
 347100244 21 21 1 4 5 25.4513 2.6169 -265.2
 347100248 22 22 1 4 5 25.4513 2.74779 -264.4
 347100252 23 23 1 4 5 25.4513 2.87869 -265.2
 347100256 24 24 1 4 5 25.4513 3.00959 -264.4
 347100260 25 25 1 4 5 25.4513 3.14049 -265.2
 347100264 26 26 1 4 5 25.4513 -3.01179 -264.4
 347100268 27 27 1 4 5 25.4513 -2.88089 -265.2
 347100272 28 28 1 4 5 25.4513 -2.74999 -264.4
 347100276 29 29 1 4 5 25.4513 -2.61909 -265.2
 347100280 30 30 1 4 5 25.4513 -2.48819 -264.4
 347100284 31 31 1 4 5 25.4513 -2.35729 -265.2
 347100288 32 32 1 4 5 25.4513 -2.22639 -264.4
 347100292 33 33 1 4 5 25.4513 -2.09549 -265.2
 347100296 34 34 1 4 5 25.4513 -1.96459 -264.4
 347100300 35 35 1 4 5 25.4513 -1.83369 -265.2
 347100304 36 36 1 4 5 25.4513 -1.70279 -264.4
 347100308 37 37 1 4 5 25.4513 -1.5719 -265.2
 347100312 38 38 1 4 5 25.4513 -1.441 -264.4
 347100316 39 39 1 4 5 25.4513 -1.3101 -265.2
 347100320 40 40 1 4 5 25.4513 -1.1792 -264.4
 347100324 41 41 1 4 5 25.4513 -1.0483 -265.2
 347100328 42 42 1 4 5 25.4513 -0.917397 -264.4
 347100332 43 43 1 4 5 25.4513 -0.786497 -265.2
 347100336 44 44 1 4 5 25.4513 -0.655597 -264.4
 347100340 45 45 1 4 5 25.4513 -0.524697 -265.2
 347100344 46 46 1 4 5 25.4513 -0.393798 -264.4
 347100348 47 47 1 4 5 25.4513 -0.262898 -265.2
 347100352 48 48 1 4 5 25.4513 -0.131998 -264.4
 354685956 1 1 2 1 1 10.7688 0.3149 175.2
 354685960 2 2 2 1 1 10.7688 0.62906 174.4
 354685964 3 3 2 1 1 10.7688 0.943219 175.2
 354685968 4 4 2 1 1 10.7688 1.25738 174.4
 354685972 5 5 2 1 1 10.7688 1.57154 175.2
 354685976 6 6 2 1 1 10.7688 1.8857 174.4
 354685980 7 7 2 1 1 10.7688 2.19986 175.2
 354685984 8 8 2 1 1 10.7688 2.51402 174.4
 354685988 9 9 2 1 1 10.7688 2.82817 175.2
 354685992 10 10 2 1 1 10.7688 -3.14085 174.4
 354685996 11 11 2 1 1 10.7688 -2.82669 175.2
 354686000 12 12 2 1 1 10.7688 -2.51253 174.4
 354686004 13 13 2 1 1 10.7688 -2.19837 175.2
 354686008 14 14 2 1 1 10.7688 -1.88421 174.4
 354686012 15 15 2 1 1 10.7688 -1.57006 175.2
 354686016 16 16 2 1 1 10.7688 -1.2559 174.4
 354686020 17 17 2 1 1 10.7688 -0.941737 175.2
 354686024 18 18 2 1 1 10.7688 -0.627577 174.4
 354686028 19 19 2 1 1 10.7688 -0.313418 175.2
 354686032 20 20 2 1 1 10.7688 0.000741215 174.4
 354690052 1 1 2 1 2 14.4991 -0.00479322 175.6
 354690056 2 2 2 1 2 14.4991 0.219602 174.8
 354690060 3 3 2 1 2 14.4991 0.444006 175.6
 354690064 4 4 2 1 2 14.4991 0.668401 174.8
 354690068 5 5 2 1 2 14.4991 0.892805 175.6
 354690072 6 6 2 1 2 14.4991 1.1172 174.8
 354690076 7 7 2 1 2 14.4991 1.3416 175.6
 354690080 8 8 2 1 2 14.4991 1.566 174.8
 354690084 9 9 2 1 2 14.4991 1.7904 175.6
 354690088 10 10 2 1 2 14.4991 2.0148 174.8
 354690092 11 11 2 1 2 14.4991 2.2392 175.6
 354690096 12 12 2 1 2 14.4991 2.4636 174.8
 354690100 13 13 2 1 2 14.4991 2.688 175.6
 354690104 14 14 2 1 2 14.4991 2.9124 174.8
 354690108 15 15 2 1 2 14.4991 3.1368 175.6
 354690112 16 16 2 1 2 14.4991 -2.92199 174.8
 354690116 17 17 2 1 2 14.4991 -2.69759 175.6
 354690120 18 18 2 1 2 14.4991 -2.47319 174.8
 354690124 19 19 2 1 2 14.4991 -2.24879 175.6
 354690128 20 20 2 1 2 14.4991 -2.02439 174.8
 354690132 21 21 2 1 2 14.4991 -1.79999 175.6
 354690136 22 22 2 1 2 14.4991 -1.57559 174.8
 354690140 23 23 2 1 2 14.4991 -1.35119 175.6
 354690144 24 24 2 1 2 14.4991 -1.1268 174.8
 354690148 25 25 2 1 2 14.4991 -0.902391 175.6
 354690152 26 26 2 1 2 14.4991 -0.677996 174.8
 354690156 27 27 2 1 2 14.4991 -0.453592 175.6
 354690160 28 28 2 1 2 14.4991 -0.229197 174.8
 354694148 1 1 2 1 3 18.2088 0.18035 175.2
 354694152 2 2 2 1 3 18.2088 0.354883 174.4
 354694156 3 3 2 1 3 18.2088 0.529416 175.2
 354694160 4 4 2 1 3 18.2088 0.703949 174.4
 354694164 5 5 2 1 3 18.2088 0.878482 175.2
 354694168 6 6 2 1 3 18.2088 1.05301 174.4
 354694172 7 7 2 1 3 18.2088 1.22755 175.2
 354694176 8 8 2 1 3 18.2088 1.40208 174.4
 354694180 9 9 2 1 3 18.2088 1.57661 175.2
 354694184 10 10 2 1 3 18.2088 1.75115 174.4
 354694188 11 11 2 1 3 18.2088 1.92568 175.2
 354694192 12 12 2 1 3 18.2088 2.10021 174.4
 354694196 13 13 2 1 3 18.2088 2.27475 175.2
 354694200 14 14 2 1 3 18.2088 2.44928 174.4
 354694204 15 15 2 1 3 18.2088 2.62381 175.2
 354694208 16 16 2 1 3 18.2088 2.79834 174.4
 354694212 17 17 2 1 3 18.2088 2.97288 175.2
 354694216 18 18 2 1 3 18.2088 -3.13578 174.4
 354694220 19 19 2 1 3 18.2088 -2.96124 175.2
 354694224 20 20 2 1 3 18.2088 -2.78671 174.4
 354694228 21 21 2 1 3 18.2088 -2.61218 175.2
 354694232 22 22 2 1 3 18.2088 -2.43764 174.4
 354694236 23 23 2 1 3 18.2088 -2.26311 175.2
 354694240 24 24 2 1 3 18.2088 -2.08858 174.4
 354694244 25 25 2 1 3 18.2088 -1.91404 175.2
 354694248 26 26 2 1 3 18.2088 -1.73951 174.4
 354694252 27 27 2 1 3 18.2088 -1.56498 175.2
 354694256 28 28 2 1 3 18.2088 -1.39045 174.4
 354694260 29 29 2 1 3 18.2088 -1.21591 175.2
 354694264 30 30 2 1 3 18.2088 -1.04138 174.4
 354694268 31 31 2 1 3 18.2088 -0.866847 175.2
 354694272 32 32 2 1 3 18.2088 -0.692314 174.4
 354694276 33 33 2 1 3 18.2088 -0.517781 175.2
 354694280 34 34 2 1 3 18.2088 -0.343249 174.4
 354694284 35 35 2 1 3 18.2088 -0.168716 175.2
 354694288 36 36 2 1 3 18.2088 0.00581732 174.4
 354698244 1 1 2 1 4 21.8556 -0.00611301 175.6
 354698248 2 2 2 1 4 21.8556 0.136682 174.8
 354698252 3 3 2 1 4 21.8556 0.279486 175.6
 354698256 4 4 2 1 4 21.8556 0.422281 174.8
 354698260 5 5 2 1 4 21.8556 0.565086 175.6
 354698264 6 6 2 1 4 21.8556 0.70788 174.8
 354698268 7 7 2 1 4 21.8556 0.850685 175.6
 354698272 8 8 2 1 4 21.8556 0.99348 174.8
 354698276 9 9 2 1 4 21.8556 1.13628 175.6
 354698280 10 10 2 1 4 21.8556 1.27908 174.8
 354698284 11 11 2 1 4 21.8556 1.42188 175.6
 354698288 12 12 2 1 4 21.8556 1.56468 174.8
 354698292 13 13 2 1 4 21.8556 1.70748 175.6
 354698296 14 14 2 1 4 21.8556 1.85028 174.8
 354698300 15 15 2 1 4 21.8556 1.99308 175.6
 354698304 16 16 2 1 4 21.8556 2.13588 174.8
 354698308 17 17 2 1 4 21.8556 2.27868 175.6
 354698312 18 18 2 1 4 21.8556 2.42148 174.8
 354698316 19 19 2 1 4 21.8556 2.56428 175.6
 354698320 20 20 2 1 4 21.8556 2.70708 174.8
 354698324 21 21 2 1 4 21.8556 2.84988 175.6
 354698328 22 22 2 1 4 21.8556 2.99268 174.8
 354698332 23 23 2 1 4 21.8556 3.13548 175.6
 354698336 24 24 2 1 4 21.8556 -3.00491 174.8
 354698340 25 25 2 1 4 21.8556 -2.86211 175.6
 354698344 26 26 2 1 4 21.8556 -2.71931 174.8
 354698348 27 27 2 1 4 21.8556 -2.57651 175.6
 354698352 28 28 2 1 4 21.8556 -2.43371 174.8
 354698356 29 29 2 1 4 21.8556 -2.29091 175.6
 354698360 30 30 2 1 4 21.8556 -2.14811 174.8
 354698364 31 31 2 1 4 21.8556 -2.00531 175.6
 354698368 32 32 2 1 4 21.8556 -1.86251 174.8
 354698372 33 33 2 1 4 21.8556 -1.71971 175.6
 354698376 34 34 2 1 4 21.8556 -1.57691 174.8
 354698380 35 35 2 1 4 21.8556 -1.43411 175.6
 354698384 36 36 2 1 4 21.8556 -1.29131 174.8
 354698388 37 37 2 1 4 21.8556 -1.14851 175.6
 354698392 38 38 2 1 4 21.8556 -1.00572 174.8
 354698396 39 39 2 1 4 21.8556 -0.862911 175.6
 354698400 40 40 2 1 4 21.8556 -0.720116 174.8
 354698404 41 41 2 1 4 21.8556 -0.577312 175.6
 354698408 42 42 2 1 4 21.8556 -0.434517 174.8
 354698412 43 43 2 1 4 21.8556 -0.291712 175.6
 354698416 44 44 2 1 4 21.8556 -0.148918 174.8
 354702340 1 1 2 1 5 25.4513 0.131998 174.4
 354702344 2 2 2 1 5 25.4513 0.262898 175.2
 354702348 3 3 2 1 5 25.4513 0.393798 174.4
 354702352 4 4 2 1 5 25.4513 0.524697 175.2
 354702356 5 5 2 1 5 25.4513 0.655597 174.4
 354702360 6 6 2 1 5 25.4513 0.786497 175.2
 354702364 7 7 2 1 5 25.4513 0.917397 174.4
 354702368 8 8 2 1 5 25.4513 1.0483 175.2
 354702372 9 9 2 1 5 25.4513 1.1792 174.4
 354702376 10 10 2 1 5 25.4513 1.3101 175.2
 354702380 11 11 2 1 5 25.4513 1.441 174.4
 354702384 12 12 2 1 5 25.4513 1.5719 175.2
 354702388 13 13 2 1 5 25.4513 1.70279 174.4
 354702392 14 14 2 1 5 25.4513 1.83369 175.2
 354702396 15 15 2 1 5 25.4513 1.96459 174.4
 354702400 16 16 2 1 5 25.4513 2.09549 175.2
 354702404 17 17 2 1 5 25.4513 2.22639 174.4
 354702408 18 18 2 1 5 25.4513 2.35729 175.2
 354702412 19 19 2 1 5 25.4513 2.48819 174.4
 354702416 20 20 2 1 5 25.4513 2.61909 175.2
 354702420 21 21 2 1 5 25.4513 2.74999 174.4
 354702424 22 22 2 1 5 25.4513 2.88089 175.2
 354702428 23 23 2 1 5 25.4513 3.01179 174.4
 354702432 24 24 2 1 5 25.4513 -3.14049 175.2
 354702436 25 25 2 1 5 25.4513 -3.00959 174.4
 354702440 26 26 2 1 5 25.4513 -2.87869 175.2
 354702444 27 27 2 1 5 25.4513 -2.74779 174.4
 354702448 28 28 2 1 5 25.4513 -2.6169 175.2
 354702452 29 29 2 1 5 25.4513 -2.486 174.4
 354702456 30 30 2 1 5 25.4513 -2.3551 175.2
 354702460 31 31 2 1 5 25.4513 -2.2242 174.4
 354702464 32 32 2 1 5 25.4513 -2.0933 175.2
 354702468 33 33 2 1 5 25.4513 -1.9624 174.4
 354702472 34 34 2 1 5 25.4513 -1.8315 175.2
 354702476 35 35 2 1 5 25.4513 -1.7006 174.4
 354702480 36 36 2 1 5 25.4513 -1.5697 175.2
 354702484 37 37 2 1 5 25.4513 -1.4388 174.4
 354702488 38 38 2 1 5 25.4513 -1.3079 175.2
 354702492 39 39 2 1 5 25.4513 -1.177 174.4
 354702496 40 40 2 1 5 25.4513 -1.0461 175.2
 354702500 41 41 2 1 5 25.4513 -0.915199 174.4
 354702504 42 42 2 1 5 25.4513 -0.784299 175.2
 354702508 43 43 2 1 5 25.4513 -0.6534 174.4
 354702512 44 44 2 1 5 25.4513 -0.5225 175.2
 354702516 45 45 2 1 5 25.4513 -0.3916 174.4
 354702520 46 46 2 1 5 25.4513 -0.260701 175.2
 354702524 47 47 2 1 5 25.4513 -0.129801 174.4
 354702528 48 48 2 1 5 25.4513 0.00109871 175.2
 354948100 1 1 2 2 1 10.7688 0.3149 201.159
 354948104 2 2 2 2 1 10.7688 0.62906 200.359
 354948108 3 3 2 2 1 10.7688 0.943219 201.159
 354948112 4 4 2 2 1 10.7688 1.25738 200.359
 354948116 5 5 2 2 1 10.7688 1.57154 201.159
 354948120 6 6 2 2 1 10.7688 1.8857 200.359
 354948124 7 7 2 2 1 10.7688 2.19986 201.159
 354948128 8 8 2 2 1 10.7688 2.51402 200.359
 354948132 9 9 2 2 1 10.7688 2.82817 201.159
 354948136 10 10 2 2 1 10.7688 -3.14085 200.359
 354948140 11 11 2 2 1 10.7688 -2.82669 201.159
 354948144 12 12 2 2 1 10.7688 -2.51253 200.359
 354948148 13 13 2 2 1 10.7688 -2.19837 201.159
 354948152 14 14 2 2 1 10.7688 -1.88421 200.359
 354948156 15 15 2 2 1 10.7688 -1.57006 201.159
 354948160 16 16 2 2 1 10.7688 -1.2559 200.359
 354948164 17 17 2 2 1 10.7688 -0.941737 201.159
 354948168 18 18 2 2 1 10.7688 -0.627577 200.359
 354948172 19 19 2 2 1 10.7688 -0.313418 201.159
 354948176 20 20 2 2 1 10.7688 0.000741215 200.359
 354952196 1 1 2 2 2 14.4991 -0.00479322 201.559
 354952200 2 2 2 2 2 14.4991 0.219602 200.759
 354952204 3 3 2 2 2 14.4991 0.444006 201.559
 354952208 4 4 2 2 2 14.4991 0.668401 200.759
 354952212 5 5 2 2 2 14.4991 0.892805 201.559
 354952216 6 6 2 2 2 14.4991 1.1172 200.759
 354952220 7 7 2 2 2 14.4991 1.3416 201.559
 354952224 8 8 2 2 2 14.4991 1.566 200.759
 354952228 9 9 2 2 2 14.4991 1.7904 201.559
 354952232 10 10 2 2 2 14.4991 2.0148 200.759
 354952236 11 11 2 2 2 14.4991 2.2392 201.559
 354952240 12 12 2 2 2 14.4991 2.4636 200.759
 354952244 13 13 2 2 2 14.4991 2.688 201.559
 354952248 14 14 2 2 2 14.4991 2.9124 200.759
 354952252 15 15 2 2 2 14.4991 3.1368 201.559
 354952256 16 16 2 2 2 14.4991 -2.92199 200.759
 354952260 17 17 2 2 2 14.4991 -2.69759 201.559
 354952264 18 18 2 2 2 14.4991 -2.47319 200.759
 354952268 19 19 2 2 2 14.4991 -2.24879 201.559
 354952272 20 20 2 2 2 14.4991 -2.02439 200.759
 354952276 21 21 2 2 2 14.4991 -1.79999 201.559
 354952280 22 22 2 2 2 14.4991 -1.57559 200.759
 354952284 23 23 2 2 2 14.4991 -1.35119 201.559
 354952288 24 24 2 2 2 14.4991 -1.1268 200.759
 354952292 25 25 2 2 2 14.4991 -0.902391 201.559
 354952296 26 26 2 2 2 14.4991 -0.677996 200.759
 354952300 27 27 2 2 2 14.4991 -0.453592 201.559
 354952304 28 28 2 2 2 14.4991 -0.229197 200.759
 354956292 1 1 2 2 3 18.2088 0.18035 201.159
 354956296 2 2 2 2 3 18.2088 0.354883 200.359
 354956300 3 3 2 2 3 18.2088 0.529416 201.159
 354956304 4 4 2 2 3 18.2088 0.703949 200.359
 354956308 5 5 2 2 3 18.2088 0.878482 201.159
 354956312 6 6 2 2 3 18.2088 1.05301 200.359
 354956316 7 7 2 2 3 18.2088 1.22755 201.159
 354956320 8 8 2 2 3 18.2088 1.40208 200.359
 354956324 9 9 2 2 3 18.2088 1.57661 201.159
 354956328 10 10 2 2 3 18.2088 1.75115 200.359
 354956332 11 11 2 2 3 18.2088 1.92568 201.159
 354956336 12 12 2 2 3 18.2088 2.10021 200.359
 354956340 13 13 2 2 3 18.2088 2.27475 201.159
 354956344 14 14 2 2 3 18.2088 2.44928 200.359
 354956348 15 15 2 2 3 18.2088 2.62381 201.159
 354956352 16 16 2 2 3 18.2088 2.79834 200.359
 354956356 17 17 2 2 3 18.2088 2.97288 201.159
 354956360 18 18 2 2 3 18.2088 -3.13578 200.359
 354956364 19 19 2 2 3 18.2088 -2.96124 201.159
 354956368 20 20 2 2 3 18.2088 -2.78671 200.359
 354956372 21 21 2 2 3 18.2088 -2.61218 201.159
 354956376 22 22 2 2 3 18.2088 -2.43764 200.359
 354956380 23 23 2 2 3 18.2088 -2.26311 201.159
 354956384 24 24 2 2 3 18.2088 -2.08858 200.359
 354956388 25 25 2 2 3 18.2088 -1.91404 201.159
 354956392 26 26 2 2 3 18.2088 -1.73951 200.359
 354956396 27 27 2 2 3 18.2088 -1.56498 201.159
 354956400 28 28 2 2 3 18.2088 -1.39045 200.359
 354956404 29 29 2 2 3 18.2088 -1.21591 201.159
 354956408 30 30 2 2 3 18.2088 -1.04138 200.359
 354956412 31 31 2 2 3 18.2088 -0.866847 201.159
 354956416 32 32 2 2 3 18.2088 -0.692314 200.359
 354956420 33 33 2 2 3 18.2088 -0.517781 201.159
 354956424 34 34 2 2 3 18.2088 -0.343249 200.359
 354956428 35 35 2 2 3 18.2088 -0.168716 201.159
 354956432 36 36 2 2 3 18.2088 0.00581732 200.359
 354960388 1 1 2 2 4 21.8556 -0.00611301 201.559
 354960392 2 2 2 2 4 21.8556 0.136682 200.759
 354960396 3 3 2 2 4 21.8556 0.279486 201.559
 354960400 4 4 2 2 4 21.8556 0.422281 200.759
 354960404 5 5 2 2 4 21.8556 0.565086 201.559
 354960408 6 6 2 2 4 21.8556 0.70788 200.759
 354960412 7 7 2 2 4 21.8556 0.850685 201.559
 354960416 8 8 2 2 4 21.8556 0.99348 200.759
 354960420 9 9 2 2 4 21.8556 1.13628 201.559
 354960424 10 10 2 2 4 21.8556 1.27908 200.759
 354960428 11 11 2 2 4 21.8556 1.42188 201.559
 354960432 12 12 2 2 4 21.8556 1.56468 200.759
 354960436 13 13 2 2 4 21.8556 1.70748 201.559
 354960440 14 14 2 2 4 21.8556 1.85028 200.759
 354960444 15 15 2 2 4 21.8556 1.99308 201.559
 354960448 16 16 2 2 4 21.8556 2.13588 200.759
 354960452 17 17 2 2 4 21.8556 2.27868 201.559
 354960456 18 18 2 2 4 21.8556 2.42148 200.759
 354960460 19 19 2 2 4 21.8556 2.56428 201.559
 354960464 20 20 2 2 4 21.8556 2.70708 200.759
 354960468 21 21 2 2 4 21.8556 2.84988 201.559
 354960472 22 22 2 2 4 21.8556 2.99268 200.759
 354960476 23 23 2 2 4 21.8556 3.13548 201.559
 354960480 24 24 2 2 4 21.8556 -3.00491 200.759
 354960484 25 25 2 2 4 21.8556 -2.86211 201.559
 354960488 26 26 2 2 4 21.8556 -2.71931 200.759
 354960492 27 27 2 2 4 21.8556 -2.57651 201.559
 354960496 28 28 2 2 4 21.8556 -2.43371 200.759
 354960500 29 29 2 2 4 21.8556 -2.29091 201.559
 354960504 30 30 2 2 4 21.8556 -2.14811 200.759
 354960508 31 31 2 2 4 21.8556 -2.00531 201.559
 354960512 32 32 2 2 4 21.8556 -1.86251 200.759
 354960516 33 33 2 2 4 21.8556 -1.71971 201.559
 354960520 34 34 2 2 4 21.8556 -1.57691 200.759
 354960524 35 35 2 2 4 21.8556 -1.43411 201.559
 354960528 36 36 2 2 4 21.8556 -1.29131 200.759
 354960532 37 37 2 2 4 21.8556 -1.14851 201.559
 354960536 38 38 2 2 4 21.8556 -1.00572 200.759
 354960540 39 39 2 2 4 21.8556 -0.862911 201.559
 354960544 40 40 2 2 4 21.8556 -0.720116 200.759
 354960548 41 41 2 2 4 21.8556 -0.577312 201.559
 354960552 42 42 2 2 4 21.8556 -0.434517 200.759
 354960556 43 43 2 2 4 21.8556 -0.291712 201.559
 354960560 44 44 2 2 4 21.8556 -0.148918 200.759
 354964484 1 1 2 2 5 25.4513 0.131998 200.359
 354964488 2 2 2 2 5 25.4513 0.262898 201.159
 354964492 3 3 2 2 5 25.4513 0.393798 200.359
 354964496 4 4 2 2 5 25.4513 0.524697 201.159
 354964500 5 5 2 2 5 25.4513 0.655597 200.359
 354964504 6 6 2 2 5 25.4513 0.786497 201.159
 354964508 7 7 2 2 5 25.4513 0.917397 200.359
 354964512 8 8 2 2 5 25.4513 1.0483 201.159
 354964516 9 9 2 2 5 25.4513 1.1792 200.359
 354964520 10 10 2 2 5 25.4513 1.3101 201.159
 354964524 11 11 2 2 5 25.4513 1.441 200.359
 354964528 12 12 2 2 5 25.4513 1.5719 201.159
 354964532 13 13 2 2 5 25.4513 1.70279 200.359
 354964536 14 14 2 2 5 25.4513 1.83369 201.159
 354964540 15 15 2 2 5 25.4513 1.96459 200.359
 354964544 16 16 2 2 5 25.4513 2.09549 201.159
 354964548 17 17 2 2 5 25.4513 2.22639 200.359
 354964552 18 18 2 2 5 25.4513 2.35729 201.159
 354964556 19 19 2 2 5 25.4513 2.48819 200.359
 354964560 20 20 2 2 5 25.4513 2.61909 201.159
 354964564 21 21 2 2 5 25.4513 2.74999 200.359
 354964568 22 22 2 2 5 25.4513 2.88089 201.159
 354964572 23 23 2 2 5 25.4513 3.01179 200.359
 354964576 24 24 2 2 5 25.4513 -3.14049 201.159
 354964580 25 25 2 2 5 25.4513 -3.00959 200.359
 354964584 26 26 2 2 5 25.4513 -2.87869 201.159
 354964588 27 27 2 2 5 25.4513 -2.74779 200.359
 354964592 28 28 2 2 5 25.4513 -2.6169 201.159
 354964596 29 29 2 2 5 25.4513 -2.486 200.359
 354964600 30 30 2 2 5 25.4513 -2.3551 201.159
 354964604 31 31 2 2 5 25.4513 -2.2242 200.359
 354964608 32 32 2 2 5 25.4513 -2.0933 201.159
 354964612 33 33 2 2 5 25.4513 -1.9624 200.359
 354964616 34 34 2 2 5 25.4513 -1.8315 201.159
 354964620 35 35 2 2 5 25.4513 -1.7006 200.359
 354964624 36 36 2 2 5 25.4513 -1.5697 201.159
 354964628 37 37 2 2 5 25.4513 -1.4388 200.359
 354964632 38 38 2 2 5 25.4513 -1.3079 201.159
 354964636 39 39 2 2 5 25.4513 -1.177 200.359
 354964640 40 40 2 2 5 25.4513 -1.0461 201.159
 354964644 41 41 2 2 5 25.4513 -0.915199 200.359
 354964648 42 42 2 2 5 25.4513 -0.784299 201.159
 354964652 43 43 2 2 5 25.4513 -0.6534 200.359
 354964656 44 44 2 2 5 25.4513 -0.5225 201.159
 354964660 45 45 2 2 5 25.4513 -0.3916 200.359
 354964664 46 46 2 2 5 25.4513 -0.260701 201.159
 354964668 47 47 2 2 5 25.4513 -0.129801 200.359
 354964672 48 48 2 2 5 25.4513 0.00109871 201.159
 355210244 1 1 2 3 1 10.7688 0.3149 230.969
 355210248 2 2 2 3 1 10.7688 0.62906 230.169
 355210252 3 3 2 3 1 10.7688 0.943219 230.969
 355210256 4 4 2 3 1 10.7688 1.25738 230.169
 355210260 5 5 2 3 1 10.7688 1.57154 230.969
 355210264 6 6 2 3 1 10.7688 1.8857 230.169
 355210268 7 7 2 3 1 10.7688 2.19986 230.969
 355210272 8 8 2 3 1 10.7688 2.51402 230.169
 355210276 9 9 2 3 1 10.7688 2.82817 230.969
 355210280 10 10 2 3 1 10.7688 -3.14085 230.169
 355210284 11 11 2 3 1 10.7688 -2.82669 230.969
 355210288 12 12 2 3 1 10.7688 -2.51253 230.169
 355210292 13 13 2 3 1 10.7688 -2.19837 230.969
 355210296 14 14 2 3 1 10.7688 -1.88421 230.169
 355210300 15 15 2 3 1 10.7688 -1.57006 230.969
 355210304 16 16 2 3 1 10.7688 -1.2559 230.169
 355210308 17 17 2 3 1 10.7688 -0.941737 230.969
 355210312 18 18 2 3 1 10.7688 -0.627577 230.169
 355210316 19 19 2 3 1 10.7688 -0.313418 230.969
 355210320 20 20 2 3 1 10.7688 0.000741215 230.169
 355214340 1 1 2 3 2 14.4991 -0.00479322 231.369
 355214344 2 2 2 3 2 14.4991 0.219602 230.569
 355214348 3 3 2 3 2 14.4991 0.444006 231.369
 355214352 4 4 2 3 2 14.4991 0.668401 230.569
 355214356 5 5 2 3 2 14.4991 0.892805 231.369
 355214360 6 6 2 3 2 14.4991 1.1172 230.569
 355214364 7 7 2 3 2 14.4991 1.3416 231.369
 355214368 8 8 2 3 2 14.4991 1.566 230.569
 355214372 9 9 2 3 2 14.4991 1.7904 231.369
 355214376 10 10 2 3 2 14.4991 2.0148 230.569
 355214380 11 11 2 3 2 14.4991 2.2392 231.369
 355214384 12 12 2 3 2 14.4991 2.4636 230.569
 355214388 13 13 2 3 2 14.4991 2.688 231.369
 355214392 14 14 2 3 2 14.4991 2.9124 230.569
 355214396 15 15 2 3 2 14.4991 3.1368 231.369
 355214400 16 16 2 3 2 14.4991 -2.92199 230.569
 355214404 17 17 2 3 2 14.4991 -2.69759 231.369
 355214408 18 18 2 3 2 14.4991 -2.47319 230.569
 355214412 19 19 2 3 2 14.4991 -2.24879 231.369
 355214416 20 20 2 3 2 14.4991 -2.02439 230.569
 355214420 21 21 2 3 2 14.4991 -1.79999 231.369
 355214424 22 22 2 3 2 14.4991 -1.57559 230.569
 355214428 23 23 2 3 2 14.4991 -1.35119 231.369
 355214432 24 24 2 3 2 14.4991 -1.1268 230.569
 355214436 25 25 2 3 2 14.4991 -0.902391 231.369
 355214440 26 26 2 3 2 14.4991 -0.677996 230.569
 355214444 27 27 2 3 2 14.4991 -0.453592 231.369
 355214448 28 28 2 3 2 14.4991 -0.229197 230.569
 355218436 1 1 2 3 3 18.2088 0.18035 230.969
 355218440 2 2 2 3 3 18.2088 0.354883 230.169
 355218444 3 3 2 3 3 18.2088 0.529416 230.969
 355218448 4 4 2 3 3 18.2088 0.703949 230.169
 355218452 5 5 2 3 3 18.2088 0.878482 230.969
 355218456 6 6 2 3 3 18.2088 1.05301 230.169
 355218460 7 7 2 3 3 18.2088 1.22755 230.969
 355218464 8 8 2 3 3 18.2088 1.40208 230.169
 355218468 9 9 2 3 3 18.2088 1.57661 230.969
 355218472 10 10 2 3 3 18.2088 1.75115 230.169
 355218476 11 11 2 3 3 18.2088 1.92568 230.969
 355218480 12 12 2 3 3 18.2088 2.10021 230.169
 355218484 13 13 2 3 3 18.2088 2.27475 230.969
 355218488 14 14 2 3 3 18.2088 2.44928 230.169
 355218492 15 15 2 3 3 18.2088 2.62381 230.969
 355218496 16 16 2 3 3 18.2088 2.79834 230.169
 355218500 17 17 2 3 3 18.2088 2.97288 230.969
 355218504 18 18 2 3 3 18.2088 -3.13578 230.169
 355218508 19 19 2 3 3 18.2088 -2.96124 230.969
 355218512 20 20 2 3 3 18.2088 -2.78671 230.169
 355218516 21 21 2 3 3 18.2088 -2.61218 230.969
 355218520 22 22 2 3 3 18.2088 -2.43764 230.169
 355218524 23 23 2 3 3 18.2088 -2.26311 230.969
 355218528 24 24 2 3 3 18.2088 -2.08858 230.169
 355218532 25 25 2 3 3 18.2088 -1.91404 230.969
 355218536 26 26 2 3 3 18.2088 -1.73951 230.169
 355218540 27 27 2 3 3 18.2088 -1.56498 230.969
 355218544 28 28 2 3 3 18.2088 -1.39045 230.169
 355218548 29 29 2 3 3 18.2088 -1.21591 230.969
 355218552 30 30 2 3 3 18.2088 -1.04138 230.169
 355218556 31 31 2 3 3 18.2088 -0.866847 230.969
 355218560 32 32 2 3 3 18.2088 -0.692314 230.169
 355218564 33 33 2 3 3 18.2088 -0.517781 230.969
 355218568 34 34 2 3 3 18.2088 -0.343249 230.169
 355218572 35 35 2 3 3 18.2088 -0.168716 230.969
 355218576 36 36 2 3 3 18.2088 0.00581732 230.169
 355222532 1 1 2 3 4 21.8556 -0.00611301 231.369
 355222536 2 2 2 3 4 21.8556 0.136682 230.569
 355222540 3 3 2 3 4 21.8556 0.279486 231.369
 355222544 4 4 2 3 4 21.8556 0.422281 230.569
 355222548 5 5 2 3 4 21.8556 0.565086 231.369
 355222552 6 6 2 3 4 21.8556 0.70788 230.569
 355222556 7 7 2 3 4 21.8556 0.850685 231.369
 355222560 8 8 2 3 4 21.8556 0.99348 230.569
 355222564 9 9 2 3 4 21.8556 1.13628 231.369
 355222568 10 10 2 3 4 21.8556 1.27908 230.569
 355222572 11 11 2 3 4 21.8556 1.42188 231.369
 355222576 12 12 2 3 4 21.8556 1.56468 230.569
 355222580 13 13 2 3 4 21.8556 1.70748 231.369
 355222584 14 14 2 3 4 21.8556 1.85028 230.569
 355222588 15 15 2 3 4 21.8556 1.99308 231.369
 355222592 16 16 2 3 4 21.8556 2.13588 230.569
 355222596 17 17 2 3 4 21.8556 2.27868 231.369
 355222600 18 18 2 3 4 21.8556 2.42148 230.569
 355222604 19 19 2 3 4 21.8556 2.56428 231.369
 355222608 20 20 2 3 4 21.8556 2.70708 230.569
 355222612 21 21 2 3 4 21.8556 2.84988 231.369
 355222616 22 22 2 3 4 21.8556 2.99268 230.569
 355222620 23 23 2 3 4 21.8556 3.13548 231.369
 355222624 24 24 2 3 4 21.8556 -3.00491 230.569
 355222628 25 25 2 3 4 21.8556 -2.86211 231.369
 355222632 26 26 2 3 4 21.8556 -2.71931 230.569
 355222636 27 27 2 3 4 21.8556 -2.57651 231.369
 355222640 28 28 2 3 4 21.8556 -2.43371 230.569
 355222644 29 29 2 3 4 21.8556 -2.29091 231.369
 355222648 30 30 2 3 4 21.8556 -2.14811 230.569
 355222652 31 31 2 3 4 21.8556 -2.00531 231.369
 355222656 32 32 2 3 4 21.8556 -1.86251 230.569
 355222660 33 33 2 3 4 21.8556 -1.71971 231.369
 355222664 34 34 2 3 4 21.8556 -1.57691 230.569
 355222668 35 35 2 3 4 21.8556 -1.43411 231.369
 355222672 36 36 2 3 4 21.8556 -1.29131 230.569
 355222676 37 37 2 3 4 21.8556 -1.14851 231.369
 355222680 38 38 2 3 4 21.8556 -1.00572 230.569
 355222684 39 39 2 3 4 21.8556 -0.862911 231.369
 355222688 40 40 2 3 4 21.8556 -0.720116 230.569
 355222692 41 41 2 3 4 21.8556 -0.577312 231.369
 355222696 42 42 2 3 4 21.8556 -0.434517 230.569
 355222700 43 43 2 3 4 21.8556 -0.291712 231.369
 355222704 44 44 2 3 4 21.8556 -0.148918 230.569
 355226628 1 1 2 3 5 25.4513 0.131998 230.169
 355226632 2 2 2 3 5 25.4513 0.262898 230.969
 355226636 3 3 2 3 5 25.4513 0.393798 230.169
 355226640 4 4 2 3 5 25.4513 0.524697 230.969
 355226644 5 5 2 3 5 25.4513 0.655597 230.169
 355226648 6 6 2 3 5 25.4513 0.786497 230.969
 355226652 7 7 2 3 5 25.4513 0.917397 230.169
 355226656 8 8 2 3 5 25.4513 1.0483 230.969
 355226660 9 9 2 3 5 25.4513 1.1792 230.169
 355226664 10 10 2 3 5 25.4513 1.3101 230.969
 355226668 11 11 2 3 5 25.4513 1.441 230.169
 355226672 12 12 2 3 5 25.4513 1.5719 230.969
 355226676 13 13 2 3 5 25.4513 1.70279 230.169
 355226680 14 14 2 3 5 25.4513 1.83369 230.969
 355226684 15 15 2 3 5 25.4513 1.96459 230.169
 355226688 16 16 2 3 5 25.4513 2.09549 230.969
 355226692 17 17 2 3 5 25.4513 2.22639 230.169
 355226696 18 18 2 3 5 25.4513 2.35729 230.969
 355226700 19 19 2 3 5 25.4513 2.48819 230.169
 355226704 20 20 2 3 5 25.4513 2.61909 230.969
 355226708 21 21 2 3 5 25.4513 2.74999 230.169
 355226712 22 22 2 3 5 25.4513 2.88089 230.969
 355226716 23 23 2 3 5 25.4513 3.01179 230.169
 355226720 24 24 2 3 5 25.4513 -3.14049 230.969
 355226724 25 25 2 3 5 25.4513 -3.00959 230.169
 355226728 26 26 2 3 5 25.4513 -2.87869 230.969
 355226732 27 27 2 3 5 25.4513 -2.74779 230.169
 355226736 28 28 2 3 5 25.4513 -2.6169 230.969
 355226740 29 29 2 3 5 25.4513 -2.486 230.169
 355226744 30 30 2 3 5 25.4513 -2.3551 230.969
 355226748 31 31 2 3 5 25.4513 -2.2242 230.169
 355226752 32 32 2 3 5 25.4513 -2.0933 230.969
 355226756 33 33 2 3 5 25.4513 -1.9624 230.169
 355226760 34 34 2 3 5 25.4513 -1.8315 230.969
 355226764 35 35 2 3 5 25.4513 -1.7006 230.169
 355226768 36 36 2 3 5 25.4513 -1.5697 230.969
 355226772 37 37 2 3 5 25.4513 -1.4388 230.169
 355226776 38 38 2 3 5 25.4513 -1.3079 230.969
 355226780 39 39 2 3 5 25.4513 -1.177 230.169
 355226784 40 40 2 3 5 25.4513 -1.0461 230.969
 355226788 41 41 2 3 5 25.4513 -0.915199 230.169
 355226792 42 42 2 3 5 25.4513 -0.784299 230.969
 355226796 43 43 2 3 5 25.4513 -0.6534 230.169
 355226800 44 44 2 3 5 25.4513 -0.5225 230.969
 355226804 45 45 2 3 5 25.4513 -0.3916 230.169
 355226808 46 46 2 3 5 25.4513 -0.260701 230.969
 355226812 47 47 2 3 5 25.4513 -0.129801 230.169
 355226816 48 48 2 3 5 25.4513 0.00109871 230.969
 355472388 1 1 2 4 1 10.7688 0.3149 265.2
 355472392 2 2 2 4 1 10.7688 0.62906 264.4
 355472396 3 3 2 4 1 10.7688 0.943219 265.2
 355472400 4 4 2 4 1 10.7688 1.25738 264.4
 355472404 5 5 2 4 1 10.7688 1.57154 265.2
 355472408 6 6 2 4 1 10.7688 1.8857 264.4
 355472412 7 7 2 4 1 10.7688 2.19986 265.2
 355472416 8 8 2 4 1 10.7688 2.51402 264.4
 355472420 9 9 2 4 1 10.7688 2.82817 265.2
 355472424 10 10 2 4 1 10.7688 -3.14085 264.4
 355472428 11 11 2 4 1 10.7688 -2.82669 265.2
 355472432 12 12 2 4 1 10.7688 -2.51253 264.4
 355472436 13 13 2 4 1 10.7688 -2.19837 265.2
 355472440 14 14 2 4 1 10.7688 -1.88421 264.4
 355472444 15 15 2 4 1 10.7688 -1.57006 265.2
 355472448 16 16 2 4 1 10.7688 -1.2559 264.4
 355472452 17 17 2 4 1 10.7688 -0.941737 265.2
 355472456 18 18 2 4 1 10.7688 -0.627577 264.4
 355472460 19 19 2 4 1 10.7688 -0.313418 265.2
 355472464 20 20 2 4 1 10.7688 0.000741215 264.4
 355476484 1 1 2 4 2 14.4991 -0.00479322 265.6
 355476488 2 2 2 4 2 14.4991 0.219602 264.8
 355476492 3 3 2 4 2 14.4991 0.444006 265.6
 355476496 4 4 2 4 2 14.4991 0.668401 264.8
 355476500 5 5 2 4 2 14.4991 0.892805 265.6
 355476504 6 6 2 4 2 14.4991 1.1172 264.8
 355476508 7 7 2 4 2 14.4991 1.3416 265.6
 355476512 8 8 2 4 2 14.4991 1.566 264.8
 355476516 9 9 2 4 2 14.4991 1.7904 265.6
 355476520 10 10 2 4 2 14.4991 2.0148 264.8
 355476524 11 11 2 4 2 14.4991 2.2392 265.6
 355476528 12 12 2 4 2 14.4991 2.4636 264.8
 355476532 13 13 2 4 2 14.4991 2.688 265.6
 355476536 14 14 2 4 2 14.4991 2.9124 264.8
 355476540 15 15 2 4 2 14.4991 3.1368 265.6
 355476544 16 16 2 4 2 14.4991 -2.92199 264.8
 355476548 17 17 2 4 2 14.4991 -2.69759 265.6
 355476552 18 18 2 4 2 14.4991 -2.47319 264.8
 355476556 19 19 2 4 2 14.4991 -2.24879 265.6
 355476560 20 20 2 4 2 14.4991 -2.02439 264.8
 355476564 21 21 2 4 2 14.4991 -1.79999 265.6
 355476568 22 22 2 4 2 14.4991 -1.57559 264.8
 355476572 23 23 2 4 2 14.4991 -1.35119 265.6
 355476576 24 24 2 4 2 14.4991 -1.1268 264.8
 355476580 25 25 2 4 2 14.4991 -0.902391 265.6
 355476584 26 26 2 4 2 14.4991 -0.677996 264.8
 355476588 27 27 2 4 2 14.4991 -0.453592 265.6
 355476592 28 28 2 4 2 14.4991 -0.229197 264.8
 355480580 1 1 2 4 3 18.2088 0.18035 265.2
 355480584 2 2 2 4 3 18.2088 0.354883 264.4
 355480588 3 3 2 4 3 18.2088 0.529416 265.2
 355480592 4 4 2 4 3 18.2088 0.703949 264.4
 355480596 5 5 2 4 3 18.2088 0.878482 265.2
 355480600 6 6 2 4 3 18.2088 1.05301 264.4
 355480604 7 7 2 4 3 18.2088 1.22755 265.2
 355480608 8 8 2 4 3 18.2088 1.40208 264.4
 355480612 9 9 2 4 3 18.2088 1.57661 265.2
 355480616 10 10 2 4 3 18.2088 1.75115 264.4
 355480620 11 11 2 4 3 18.2088 1.92568 265.2
 355480624 12 12 2 4 3 18.2088 2.10021 264.4
 355480628 13 13 2 4 3 18.2088 2.27475 265.2
 355480632 14 14 2 4 3 18.2088 2.44928 264.4
 355480636 15 15 2 4 3 18.2088 2.62381 265.2
 355480640 16 16 2 4 3 18.2088 2.79834 264.4
 355480644 17 17 2 4 3 18.2088 2.97288 265.2
 355480648 18 18 2 4 3 18.2088 -3.13578 264.4
 355480652 19 19 2 4 3 18.2088 -2.96124 265.2
 355480656 20 20 2 4 3 18.2088 -2.78671 264.4
 355480660 21 21 2 4 3 18.2088 -2.61218 265.2
 355480664 22 22 2 4 3 18.2088 -2.43764 264.4
 355480668 23 23 2 4 3 18.2088 -2.26311 265.2
 355480672 24 24 2 4 3 18.2088 -2.08858 264.4
 355480676 25 25 2 4 3 18.2088 -1.91404 265.2
 355480680 26 26 2 4 3 18.2088 -1.73951 264.4
 355480684 27 27 2 4 3 18.2088 -1.56498 265.2
 355480688 28 28 2 4 3 18.2088 -1.39045 264.4
 355480692 29 29 2 4 3 18.2088 -1.21591 265.2
 355480696 30 30 2 4 3 18.2088 -1.04138 264.4
 355480700 31 31 2 4 3 18.2088 -0.866847 265.2
 355480704 32 32 2 4 3 18.2088 -0.692314 264.4
 355480708 33 33 2 4 3 18.2088 -0.517781 265.2
 355480712 34 34 2 4 3 18.2088 -0.343249 264.4
 355480716 35 35 2 4 3 18.2088 -0.168716 265.2
 355480720 36 36 2 4 3 18.2088 0.00581732 264.4
 355484676 1 1 2 4 4 21.8556 -0.00611301 265.6
 355484680 2 2 2 4 4 21.8556 0.136682 264.8
 355484684 3 3 2 4 4 21.8556 0.279486 265.6
 355484688 4 4 2 4 4 21.8556 0.422281 264.8
 355484692 5 5 2 4 4 21.8556 0.565086 265.6
 355484696 6 6 2 4 4 21.8556 0.70788 264.8
 355484700 7 7 2 4 4 21.8556 0.850685 265.6
 355484704 8 8 2 4 4 21.8556 0.99348 264.8
 355484708 9 9 2 4 4 21.8556 1.13628 265.6
 355484712 10 10 2 4 4 21.8556 1.27908 264.8
 355484716 11 11 2 4 4 21.8556 1.42188 265.6
 355484720 12 12 2 4 4 21.8556 1.56468 264.8
 355484724 13 13 2 4 4 21.8556 1.70748 265.6
 355484728 14 14 2 4 4 21.8556 1.85028 264.8
 355484732 15 15 2 4 4 21.8556 1.99308 265.6
 355484736 16 16 2 4 4 21.8556 2.13588 264.8
 355484740 17 17 2 4 4 21.8556 2.27868 265.6
 355484744 18 18 2 4 4 21.8556 2.42148 264.8
 355484748 19 19 2 4 4 21.8556 2.56428 265.6
 355484752 20 20 2 4 4 21.8556 2.70708 264.8
 355484756 21 21 2 4 4 21.8556 2.84988 265.6
 355484760 22 22 2 4 4 21.8556 2.99268 264.8
 355484764 23 23 2 4 4 21.8556 3.13548 265.6
 355484768 24 24 2 4 4 21.8556 -3.00491 264.8
 355484772 25 25 2 4 4 21.8556 -2.86211 265.6
 355484776 26 26 2 4 4 21.8556 -2.71931 264.8
 355484780 27 27 2 4 4 21.8556 -2.57651 265.6
 355484784 28 28 2 4 4 21.8556 -2.43371 264.8
 355484788 29 29 2 4 4 21.8556 -2.29091 265.6
 355484792 30 30 2 4 4 21.8556 -2.14811 264.8
 355484796 31 31 2 4 4 21.8556 -2.00531 265.6
 355484800 32 32 2 4 4 21.8556 -1.86251 264.8
 355484804 33 33 2 4 4 21.8556 -1.71971 265.6
 355484808 34 34 2 4 4 21.8556 -1.57691 264.8
 355484812 35 35 2 4 4 21.8556 -1.43411 265.6
 355484816 36 36 2 4 4 21.8556 -1.29131 264.8
 355484820 37 37 2 4 4 21.8556 -1.14851 265.6
 355484824 38 38 2 4 4 21.8556 -1.00572 264.8
 355484828 39 39 2 4 4 21.8556 -0.862911 265.6
 355484832 40 40 2 4 4 21.8556 -0.720116 264.8
 355484836 41 41 2 4 4 21.8556 -0.577312 265.6
 355484840 42 42 2 4 4 21.8556 -0.434517 264.8
 355484844 43 43 2 4 4 21.8556 -0.291712 265.6
 355484848 44 44 2 4 4 21.8556 -0.148918 264.8
 355488772 1 1 2 4 5 25.4513 0.131998 264.4
 355488776 2 2 2 4 5 25.4513 0.262898 265.2
 355488780 3 3 2 4 5 25.4513 0.393798 264.4
 355488784 4 4 2 4 5 25.4513 0.524697 265.2
 355488788 5 5 2 4 5 25.4513 0.655597 264.4
 355488792 6 6 2 4 5 25.4513 0.786497 265.2
 355488796 7 7 2 4 5 25.4513 0.917397 264.4
 355488800 8 8 2 4 5 25.4513 1.0483 265.2
 355488804 9 9 2 4 5 25.4513 1.1792 264.4
 355488808 10 10 2 4 5 25.4513 1.3101 265.2
 355488812 11 11 2 4 5 25.4513 1.441 264.4
 355488816 12 12 2 4 5 25.4513 1.5719 265.2
 355488820 13 13 2 4 5 25.4513 1.70279 264.4
 355488824 14 14 2 4 5 25.4513 1.83369 265.2
 355488828 15 15 2 4 5 25.4513 1.96459 264.4
 355488832 16 16 2 4 5 25.4513 2.09549 265.2
 355488836 17 17 2 4 5 25.4513 2.22639 264.4
 355488840 18 18 2 4 5 25.4513 2.35729 265.2
 355488844 19 19 2 4 5 25.4513 2.48819 264.4
 355488848 20 20 2 4 5 25.4513 2.61909 265.2
 355488852 21 21 2 4 5 25.4513 2.74999 264.4
 355488856 22 22 2 4 5 25.4513 2.88089 265.2
 355488860 23 23 2 4 5 25.4513 3.01179 264.4
 355488864 24 24 2 4 5 25.4513 -3.14049 265.2
 355488868 25 25 2 4 5 25.4513 -3.00959 264.4
 355488872 26 26 2 4 5 25.4513 -2.87869 265.2
 355488876 27 27 2 4 5 25.4513 -2.74779 264.4
 355488880 28 28 2 4 5 25.4513 -2.6169 265.2
 355488884 29 29 2 4 5 25.4513 -2.486 264.4
 355488888 30 30 2 4 5 25.4513 -2.3551 265.2
 355488892 31 31 2 4 5 25.4513 -2.2242 264.4
 355488896 32 32 2 4 5 25.4513 -2.0933 265.2
 355488900 33 33 2 4 5 25.4513 -1.9624 264.4
 355488904 34 34 2 4 5 25.4513 -1.8315 265.2
 355488908 35 35 2 4 5 25.4513 -1.7006 264.4
 355488912 36 36 2 4 5 25.4513 -1.5697 265.2
 355488916 37 37 2 4 5 25.4513 -1.4388 264.4
 355488920 38 38 2 4 5 25.4513 -1.3079 265.2
 355488924 39 39 2 4 5 25.4513 -1.177 264.4
 355488928 40 40 2 4 5 25.4513 -1.0461 265.2
 355488932 41 41 2 4 5 25.4513 -0.915199 264.4
 355488936 42 42 2 4 5 25.4513 -0.784299 265.2
 355488940 43 43 2 4 5 25.4513 -0.6534 264.4
 355488944 44 44 2 4 5 25.4513 -0.5225 265.2
 355488948 45 45 2 4 5 25.4513 -0.3916 264.4
 355488952 46 46 2 4 5 25.4513 -0.260701 265.2
 355488956 47 47 2 4 5 25.4513 -0.129801 264.4
 355488960 48 48 2 4 5 25.4513 0.00109871 265.2

